1084777200.0
1284793200.0
1212908400.0
1212822000.0
1143788400.0
1214722800.0
1153378800.0
1483513200.0
1135062000.0
1285225200.0
1253516400.0
1371106800.0
1196924400.0
1227510000.0
1184137200.0
1226300400.0
1206255600.0
1211439600.0
1209193200.0
1268982000.0
1206255600.0
1245481200.0
1111647600.0
1226300400.0
1235545200.0
1217833200.0
1206255600.0
1114844400.0
1256022000.0
1265958000.0
1262156400.0
1250751600.0
1183273200.0
1215673200.0
1249282800.0
1202799600.0
1201676400.0
1141628400.0
1111129200.0
1112684400.0
1111647600.0
1219474800.0
1222239600.0
1202799600.0
1372057200.0
1248591600.0
1250665200.0
1187506800.0
1263279600.0
1130050800.0
1141628400.0
1204614000.0
1201071600.0
1130310000.0
1136185200.0
1120806000.0
1227510000.0
1211439600.0
1226041200.0
1308294000.0
1289545200.0
1286953200.0
1120806000.0
1118646000.0
1241938800.0
1241852400.0
1284706800.0
1284706800.0
1277708400.0
1217574000.0
1245654000.0
1183186800.0
1204268400.0
1129618800.0
1386572400.0
1203058800.0
1219647600.0
1249023600.0
1222326000.0
1101279600.0
1208070000.0
1101279600.0
1250665200.0
1223535600.0
1244444400.0
1114844400.0
1250406000.0
1203663600.0
1101538800.0
1227855600.0
1286348400.0
1286866800.0
1219647600.0
1219561200.0
1220598000.0
1242284400.0
1231398000.0
1231570800.0
1219561200.0
1122102000.0
1233730800.0
1253862000.0
1253689200.0
1206255600.0
1241074800.0
1208588400.0
1305874800.0
1300950000.0
1266217200.0
1261033200.0
1086246000.0
1481353200.0
1129532400.0
1225263600.0
1223535600.0
1232002800.0
1145257200.0
1268809200.0
1108450800.0
1264316400.0
1384758000.0
1362726000.0
1183359600.0
1202799600.0
1264921200.0
1115190000.0
1091775600.0
1316242800.0
1344841200.0
1210575600.0
1090047600.0
1235977200.0
1218438000.0
1286866800.0
1115103600.0
1212822000.0
1103785200.0
1219561200.0
1219561200.0
1204268400.0
1366268400.0
1371884400.0
1134370800.0
1219474800.0
1183273200.0
1089183600.0
1118559600.0
1231311600.0
1212649200.0
1312786800.0
1242284400.0
1216278000.0
1309762800.0
1205650800.0
1200639600.0
1220166000.0
1200639600.0
1286953200.0
1233730800.0
1220252400.0
1280041200.0
1260169200.0
1120460400.0
1120892400.0
1344841200.0
1114930800.0
1223881200.0
1212822000.0
1115190000.0
1369378800.0
1243666800.0
1212130800.0
1127804400.0
1090220400.0
1107846000.0
1212130800.0
1211785200.0
1271401200.0
1234076400.0
1246863600.0
1368082800.0
1111215600.0
1202799600.0
1212562800.0
1303974000.0
1483513200.0
1480748400.0
1267945200.0
1217314800.0
1316242800.0
1100502000.0
1136617200.0
1478588400.0
1466578800.0
1114844400.0
1250406000.0
1201071600.0
1145862000.0
1145430000.0
1257318000.0
1277708400.0
1127199600.0
1239606000.0
1252825200.0
1123484400.0
1264834800.0
1117954800.0
1258009200.0
1123052400.0
1286521200.0
1233730800.0
1233730800.0
1182236400.0
1205564400.0
1231398000.0
1290063600.0
1165302000.0
1257922800.0
1265612400.0
1245740400.0
1143529200.0
1179990000.0
1118041200.0
1245913200.0
1218351600.0
1210489200.0
1208588400.0
1215586800.0
1277017200.0
1316415600.0
1218438000.0
1220166000.0
1120287600.0
1241938800.0
1120287600.0
1264834800.0
1245740400.0
1122793200.0
1201071600.0
1201071600.0
1332399600.0
1307689200.0
1234076400.0
1222326000.0
1287039600.0
1201676400.0
1233385200.0
1237705200.0
1182322800.0
1127199600.0
1482217200.0
1375340400.0
1164870000.0
1252825200.0
1193382000.0
1101366000.0
1460530800.0
1286434800.0
1370847600.0
1201071600.0
1201071600.0
1201071600.0
1270882800.0
1371106800.0
1452668400.0
1465887600.0
1122188400.0
1305874800.0
1129532400.0
1121065200.0
1111647600.0
1252825200.0
1233212400.0
1088406000.0
1144911600.0
1203750000.0
1130310000.0
1238396400.0
1212908400.0
1259910000.0
1239001200.0
1183964400.0
1237273200.0
1206860400.0
1231657200.0
1241938800.0
1121151600.0
1245049200.0
1171350000.0
1202022000.0
1094108400.0
1290668400.0
1087801200.0
1085986800.0
1252566000.0
1183359600.0
1183359600.0
1151910000.0
1212044400.0
1247295600.0
1109228400.0
1090393200.0
1261292400.0
1119510000.0
1269068400.0
1256194800.0
1109228400.0
1245049200.0
1153897200.0
1147417200.0
1105599600.0
1091170800.0
1197529200.0
1095577200.0
1117868400.0
1203577200.0
1203577200.0
1217919600.0
1121065200.0
1086246000.0
1225177200.0
1155970800.0
1215846000.0
1210921200.0
1198825200.0
1193382000.0
1244790000.0
1235199600.0
1228633200.0
1233903600.0
1209193200.0
1139209200.0
1202886000.0
1278572400.0
1241161200.0
1333004400.0
1113462000.0
1139295600.0
1120719600.0
1226214000.0
1231657200.0
1108450800.0
1211785200.0
1136444400.0
1124780400.0
1168239600.0
1207724400.0
1183273200.0
1123052400.0
1183446000.0
1217919600.0
1120806000.0
1086246000.0
1195282800.0
1110178800.0
1280473200.0
1105945200.0
1090479600.0
1213081200.0
1212735600.0
1210921200.0
1148367600.0
1228546800.0
1167894000.0
1148367600.0
1166943600.0
1147417200.0
1278572400.0
1198825200.0
1107500400.0
1106118000.0
1195196400.0
1190185200.0
1203577200.0
1166943600.0
1211785200.0
1228633200.0
1223967600.0
1218610800.0
1217919600.0
1290754800.0
1119250800.0
1171350000.0
1213945200.0
1211007600.0
1233212400.0
1147590000.0
1143097200.0
1231570800.0
1231484400.0
1290841200.0
1241852400.0
1200553200.0
1085468400.0
1143097200.0
1268982000.0
1266994800.0
1147590000.0
1147330800.0
1241852400.0
1290754800.0
1241074800.0
1202886000.0
1167894000.0
1190185200.0
1147935600.0
1202022000.0
1183273200.0
1105513200.0
1211958000.0
1122966000.0
1085122800.0
1231311600.0
1218956400.0
1214722800.0
1210921200.0
1107932400.0
1205218800.0
1195196400.0
1233126000.0
1085295600.0
1211526000.0
1120719600.0
1127286000.0
1109228400.0
1190185200.0
1256194800.0
1119078000.0
1226732400.0
1243234800.0
1105686000.0
1241852400.0
1226127600.0
1236927600.0
1095404400.0
1232694000.0
1217919600.0
1225868400.0
1202022000.0
1201676400.0
1105599600.0
1289977200.0
1086937200.0
1229756400.0
1114930800.0
1241938800.0
1090220400.0
1211785200.0
1212044400.0
1214982000.0
1085036400.0
1210748400.0
1122966000.0
1226127600.0
1211526000.0
1211526000.0
1233126000.0
1148367600.0
1085468400.0
1157007600.0
1155970800.0
1233903600.0
1225177200.0
1226127600.0
1245999600.0
1241247600.0
1240988400.0
1095318000.0
1209193200.0
1105686000.0
1242198000.0
1120719600.0
1127286000.0
1201935600.0
1245654000.0
1242025200.0
1242025200.0
1165993200.0
1226818800.0
1218870000.0
1215500400.0
1155884400.0
1296457200.0
1086332400.0
1242198000.0
1124780400.0
1113462000.0
1120287600.0
1205305200.0
1235199600.0
1113462000.0
1127372400.0
1223967600.0
1121065200.0
1113462000.0
1237532400.0
1106118000.0
1201676400.0
1237186800.0
1153897200.0
1232866800.0
1109142000.0
1238569200.0
1181372400.0
1199948400.0
1233126000.0
1244790000.0
1122966000.0
1139209200.0
1139209200.0
1217919600.0
1090479600.0
1211871600.0
1218610800.0
1211526000.0
1244271600.0
1241247600.0
1193382000.0
1085468400.0
1090220400.0
1290668400.0
1291014000.0
1280386800.0
1200553200.0
1202022000.0
1226905200.0
1197442800.0
1171436400.0
1156230000.0
1193036400.0
1195196400.0
1121151600.0
1085122800.0
1212130800.0
1226818800.0
1223794800.0
1263798000.0
1245308400.0
1225868400.0
1237273200.0
1119510000.0
1126854000.0
1195196400.0
1203058800.0
1214636400.0
1119423600.0
1203663600.0
1154242800.0
1243234800.0
1221721200.0
1121065200.0
1217919600.0
1278572400.0
1117868400.0
1228546800.0
1120719600.0
1228546800.0
1226818800.0
1120719600.0
1085122800.0
1267599600.0
1205478000.0
1210662000.0
1085986800.0
1289977200.0
1120633200.0
1171350000.0
1124953200.0
1155279600.0
1110092400.0
1105599600.0
1105513200.0
1085295600.0
1201762800.0
1200553200.0
1148281200.0
1268809200.0
1201676400.0
1231743600.0
1195196400.0
1095836400.0
1263798000.0
1241074800.0
1154329200.0
1155970800.0
1211785200.0
1127026800.0
1210662000.0
1154329200.0
1211785200.0
1134889200.0
1095577200.0
1128409200.0
1190185200.0
1195455600.0
1090306800.0
1223967600.0
1238569200.0
1085295600.0
1226127600.0
1095318000.0
1233126000.0
1238569200.0
1245222000.0
1238569200.0
1264834800.0
1241074800.0
1268809200.0
1195196400.0
1090825200.0
1238569200.0
1164178800.0
1085209200.0
1121151600.0
1085986800.0
1214636400.0
1119596400.0
1237014000.0
1153724400.0
1289977200.0
1231743600.0
1157094000.0
1225868400.0
1212562800.0
1202886000.0
1199948400.0
1199862000.0
1165993200.0
1118646000.0
1242025200.0
1237618800.0
1237532400.0
1203577200.0
1274770800.0
1113721200.0
1113375600.0
1209279600.0
1207292400.0
1201762800.0
1211612400.0
1091343600.0
1161327600.0
1121151600.0
1333004400.0
1121151600.0
1241074800.0
1226214000.0
1226127600.0
1218610800.0
1212044400.0
1212217200.0
1102921200.0
1117782000.0
1203145200.0
1256194800.0
1228633200.0
1228633200.0
1228633200.0
1198825200.0
1085122800.0
1085122800.0
1217919600.0
1203577200.0
1203663600.0
1106031600.0
1183359600.0
1231484400.0
1090393200.0
1117868400.0
1139727600.0
1087801200.0
1086246000.0
1139209200.0
1198825200.0
1122966000.0
1107586800.0
1211785200.0
1223967600.0
1105513200.0
1113375600.0
1100242800.0
1231743600.0
1485846000.0
1215500400.0
1218956400.0
1241766000.0
1113721200.0
1149058800.0
1334646000.0
1197442800.0
1234508400.0
1119942000.0
1201503600.0
1211526000.0
1231743600.0
1110178800.0
1265612400.0
1112425200.0
1085122800.0
1148454000.0
1127458800.0
1209625200.0
1217919600.0
1153724400.0
1296457200.0
1141542000.0
1110265200.0
1139468400.0
1232694000.0
1165993200.0
1223967600.0
1261119600.0
1107500400.0
1099983600.0
1274770800.0
1212044400.0
1229756400.0
1128409200.0
1154242800.0
1109142000.0
1264921200.0
1085468400.0
1233903600.0
1109142000.0
1204268400.0
1087714800.0
1221634800.0
1164524400.0
1113462000.0
1205305200.0
1113375600.0
1107846000.0
1090998000.0
1225868400.0
1213945200.0
1085468400.0
1198825200.0
1203663600.0
1215154800.0
1203577200.0
1122274800.0
1180076400.0
1085468400.0
1193122800.0
