1392447600.0
1392447600.0
1391670000.0
1392188400.0
1392361200.0
1392620400.0
1392447600.0
1393311600.0
1392706800.0
1393484400.0
1392015600.0
1391497200.0
1393398000.0
1393657200.0
1393052400.0
1393398000.0
1393657200.0
1393311600.0
1392534000.0
1392274800.0
1392361200.0
1391756400.0
1391842800.0
1393657200.0
1393398000.0
1393398000.0
1393657200.0
1392706800.0
1393311600.0
1393138800.0
1393398000.0
1391842800.0
1393138800.0
1391842800.0
1392274800.0
1393398000.0
1392966000.0
1392706800.0
1392188400.0
1393052400.0
1391842800.0
1392188400.0
1392706800.0
1392274800.0
1391756400.0
1392447600.0
1392102000.0
1392361200.0
1392015600.0
1392188400.0
1392361200.0
1392102000.0
1392361200.0
1393225200.0
1391929200.0
1392706800.0
1391929200.0
1392879600.0
1392274800.0
1392534000.0
1392361200.0
1391929200.0
1391929200.0
1393138800.0
1392102000.0
1392274800.0
1392274800.0
1392274800.0
1392361200.0
1391842800.0
1391497200.0
1391497200.0
1391410800.0
1392361200.0
1391929200.0
1391497200.0
1392706800.0
1391929200.0
1392706800.0
1392966000.0
1392447600.0
1392966000.0
1392102000.0
1392534000.0
1392534000.0
1393052400.0
1392361200.0
1393311600.0
1392361200.0
1393311600.0
1393311600.0
1393398000.0
1393398000.0
1393484400.0
1393225200.0
1393225200.0
1393225200.0
1393052400.0
1393398000.0
1393398000.0
1393570800.0
1393311600.0
1393398000.0
1392274800.0
1393570800.0
1392447600.0
1392966000.0
1392706800.0
1393311600.0
1393570800.0
1391583600.0
1393311600.0
1393311600.0
1393311600.0
1393484400.0
1393138800.0
1392274800.0
1392620400.0
1391842800.0
1391842800.0
1392534000.0
1393225200.0
1392534000.0
1392620400.0
1392620400.0
1392620400.0
1392706800.0
1392706800.0
1392706800.0
1392620400.0
1392620400.0
1392447600.0
1391756400.0
1392274800.0
1392274800.0
1392361200.0
1392447600.0
1391324400.0
1393570800.0
1392966000.0
1392447600.0
1392706800.0
1391842800.0
1393138800.0
1392879600.0
1393398000.0
1393398000.0
1391842800.0
1393398000.0
1392966000.0
1391583600.0
1392966000.0
1392188400.0
1391670000.0
1392361200.0
1393311600.0
1393484400.0
1391756400.0
1392188400.0
1392188400.0
1393138800.0
1392620400.0
1392620400.0
1392361200.0
1392620400.0
1392620400.0
1392620400.0
1391410800.0
1392966000.0
1392361200.0
1392361200.0
1393225200.0
1392620400.0
1391583600.0
1391410800.0
1392274800.0
1391410800.0
1393225200.0
1391410800.0
1391410800.0
1393311600.0
1392102000.0
1392274800.0
1392102000.0
1392620400.0
1393138800.0
1392274800.0
1393311600.0
1392620400.0
1392620400.0
1392447600.0
1392015600.0
1393311600.0
1392274800.0
1392534000.0
1392534000.0
1393225200.0
1392534000.0
1393052400.0
1393484400.0
1392188400.0
1392447600.0
1392620400.0
1392447600.0
1391929200.0
1392793200.0
1392966000.0
1392620400.0
1392620400.0
1393138800.0
1393225200.0
1392879600.0
1393225200.0
1393484400.0
1392620400.0
1393311600.0
1392706800.0
1392706800.0
1392793200.0
1393398000.0
1392102000.0
1393311600.0
1392188400.0
1392447600.0
1393398000.0
1392188400.0
1393225200.0
1392188400.0
1392879600.0
1393052400.0
1393398000.0
1392793200.0
1392274800.0
1393398000.0
1392274800.0
1392793200.0
1392274800.0
1392361200.0
1393398000.0
1392534000.0
1393398000.0
1393657200.0
1392102000.0
1393398000.0
1393657200.0
1392447600.0
1392879600.0
1392188400.0
1392706800.0
1392188400.0
1391583600.0
1392447600.0
1391497200.0
1391842800.0
1391842800.0
1393657200.0
1391583600.0
1392447600.0
1393398000.0
1392447600.0
1392706800.0
1392620400.0
1392706800.0
1392447600.0
1392706800.0
1391842800.0
1392706800.0
1391324400.0
1392188400.0
1391410800.0
1392706800.0
1392706800.0
1392706800.0
1392706800.0
1392102000.0
1392274800.0
1391756400.0
1392706800.0
1392015600.0
1392361200.0
1392447600.0
1392706800.0
1391583600.0
1393311600.0
1392793200.0
1393052400.0
1391756400.0
1393138800.0
1392534000.0
1393052400.0
1393052400.0
1392361200.0
1393657200.0
1392706800.0
1393052400.0
1392706800.0
1392620400.0
1392361200.0
1393225200.0
1393225200.0
1393570800.0
1391842800.0
1392102000.0
1392620400.0
1392620400.0
1392361200.0
1392447600.0
1392620400.0
1392620400.0
1392274800.0
1392620400.0
1391583600.0
1392534000.0
1392620400.0
1392534000.0
1392620400.0
1392534000.0
1392274800.0
1392534000.0
1392620400.0
1392534000.0
1392620400.0
1392274800.0
1392447600.0
1392966000.0
1392620400.0
1392706800.0
1392793200.0
1392879600.0
1392706800.0
1391756400.0
1392706800.0
1392706800.0
1392706800.0
1392966000.0
1392706800.0
1392966000.0
1392966000.0
1392274800.0
1393311600.0
1392188400.0
1392534000.0
1392274800.0
1392188400.0
1391583600.0
1392102000.0
1391583600.0
1392534000.0
1392447600.0
1392534000.0
1392102000.0
1392534000.0
1392620400.0
1392706800.0
1392620400.0
1391324400.0
1392534000.0
1392879600.0
1392534000.0
1392102000.0
1392620400.0
1392879600.0
1392102000.0
1392361200.0
1392620400.0
1392274800.0
1392188400.0
1392966000.0
1392361200.0
1391497200.0
1393398000.0
1391670000.0
1392274800.0
1392706800.0
1393398000.0
1391670000.0
1392188400.0
1393398000.0
1392274800.0
1392620400.0
1391497200.0
1393398000.0
1393484400.0
1393311600.0
1393052400.0
1393398000.0
1393398000.0
1392274800.0
1393398000.0
1393398000.0
1393398000.0
1393398000.0
1392966000.0
1392447600.0
1392534000.0
1392361200.0
1392361200.0
1392447600.0
1391497200.0
1391497200.0
1393570800.0
1393570800.0
1393484400.0
1392793200.0
1391324400.0
1393311600.0
1391410800.0
1392534000.0
1393052400.0
1392447600.0
1392620400.0
1392361200.0
1392534000.0
1393657200.0
1392620400.0
1393052400.0
1392966000.0
1393225200.0
1392534000.0
1391842800.0
1392879600.0
1392102000.0
1391842800.0
1393311600.0
1392102000.0
1392879600.0
1393398000.0
1392188400.0
1393398000.0
1392361200.0
1391756400.0
1392102000.0
1393398000.0
1392274800.0
1392879600.0
1391410800.0
1392274800.0
1392620400.0
1391497200.0
1392879600.0
1393052400.0
1392102000.0
1391670000.0
1392879600.0
1391842800.0
1391842800.0
1393484400.0
1392620400.0
1392620400.0
1392274800.0
1392879600.0
1393052400.0
1393138800.0
1392620400.0
1392620400.0
1392102000.0
1392620400.0
1392620400.0
1393311600.0
1393311600.0
1392620400.0
1392620400.0
1393570800.0
1392274800.0
1392274800.0
1392188400.0
1391670000.0
1393398000.0
1392361200.0
1393484400.0
1393570800.0
1392188400.0
1392447600.0
1393570800.0
1392966000.0
1393138800.0
1393311600.0
1392706800.0
1392188400.0
1392966000.0
1393484400.0
1391497200.0
1392966000.0
1393657200.0
1391497200.0
1392102000.0
1392793200.0
1392706800.0
1391497200.0
1391497200.0
1391497200.0
1391497200.0
1392793200.0
1393311600.0
1392620400.0
1393570800.0
1393138800.0
1393398000.0
1392361200.0
1391670000.0
1391756400.0
1392534000.0
1392793200.0
1392706800.0
1392966000.0
1392534000.0
1393311600.0
1393398000.0
1393398000.0
1392706800.0
1392966000.0
1392966000.0
1393052400.0
1393052400.0
1393138800.0
1393138800.0
1393225200.0
1392188400.0
1392361200.0
1392706800.0
1393225200.0
1393138800.0
1391497200.0
1393398000.0
1393484400.0
1393225200.0
1392879600.0
1393657200.0
1393570800.0
1393657200.0
1393484400.0
1393570800.0
1393484400.0
1392620400.0
1393052400.0
1393398000.0
1391497200.0
1392706800.0
1392620400.0
1392447600.0
1392966000.0
1392102000.0
1393657200.0
1392966000.0
1392879600.0
1392879600.0
1392879600.0
1392879600.0
1392966000.0
1392447600.0
1392966000.0
1393484400.0
1392447600.0
1391929200.0
1391583600.0
1391929200.0
1391670000.0
1391583600.0
1391929200.0
1391670000.0
1393138800.0
1391497200.0
1391929200.0
1391929200.0
1392102000.0
1391583600.0
1392793200.0
1393138800.0
1393225200.0
1393138800.0
1391929200.0
1393052400.0
1392620400.0
1393052400.0
1393052400.0
1392793200.0
1391842800.0
1393052400.0
1393138800.0
1392447600.0
1392015600.0
1393138800.0
1392361200.0
1393052400.0
1392966000.0
1393311600.0
1393225200.0
1393225200.0
1391583600.0
1393484400.0
1393657200.0
1391842800.0
1393052400.0
1393138800.0
1393138800.0
1392793200.0
1392879600.0
1393138800.0
1393570800.0
1392620400.0
1391756400.0
1393052400.0
1393398000.0
1393398000.0
1392706800.0
1392620400.0
1392188400.0
1392966000.0
1393138800.0
1393570800.0
1393570800.0
1391670000.0
1392361200.0
1392188400.0
1392534000.0
1391583600.0
1393052400.0
1393225200.0
1392447600.0
1393484400.0
1391497200.0
1392361200.0
1392361200.0
1392706800.0
1392620400.0
1393052400.0
1392966000.0
1392188400.0
1393052400.0
1392361200.0
1392447600.0
1392534000.0
1392620400.0
1392620400.0
1392534000.0
1393311600.0
1393311600.0
1393484400.0
1393484400.0
1392361200.0
1393138800.0
1392706800.0
1393225200.0
1393311600.0
1392620400.0
1393138800.0
1393311600.0
1393311600.0
1393398000.0
1393484400.0
1392447600.0
1391756400.0
1391756400.0
1391842800.0
1391670000.0
1392102000.0
1393570800.0
1391670000.0
1391756400.0
1391929200.0
1391410800.0
1393398000.0
1391497200.0
1392620400.0
1391670000.0
1392534000.0
1392102000.0
1393138800.0
1393138800.0
1393311600.0
1391670000.0
1392534000.0
1393398000.0
1392534000.0
1392534000.0
1392966000.0
1392274800.0
1392361200.0
1392447600.0
1393398000.0
1392188400.0
1393657200.0
1392188400.0
1393052400.0
1393657200.0
1393657200.0
1392361200.0
1392793200.0
1393052400.0
1391497200.0
1392620400.0
1391756400.0
1392879600.0
1391756400.0
1391842800.0
1391583600.0
1391583600.0
1391670000.0
1392534000.0
1392188400.0
1392188400.0
1392188400.0
1391238000.0
1392188400.0
1392274800.0
1392361200.0
1392361200.0
1392534000.0
1393657200.0
1392534000.0
1392620400.0
1392793200.0
1392534000.0
1392706800.0
1392534000.0
1392620400.0
1392447600.0
1392534000.0
1391324400.0
1392534000.0
1392706800.0
1392706800.0
1393657200.0
1392620400.0
1393311600.0
1392706800.0
1392706800.0
1392879600.0
1392188400.0
1392966000.0
1392102000.0
1392534000.0
1391583600.0
1391583600.0
1392188400.0
1392274800.0
1392534000.0
1392620400.0
1391583600.0
1391583600.0
1391670000.0
1392620400.0
1392447600.0
1391929200.0
1391756400.0
1392879600.0
1392879600.0
1393657200.0
1392966000.0
1392966000.0
1391324400.0
1391238000.0
1393311600.0
1393311600.0
1393311600.0
1392015600.0
1393052400.0
1392706800.0
1391670000.0
1391756400.0
1393052400.0
1393138800.0
1391929200.0
1392620400.0
1392102000.0
1392188400.0
1392447600.0
1392188400.0
1393052400.0
1391497200.0
1393311600.0
1393311600.0
1393311600.0
1393657200.0
1393311600.0
1393398000.0
1392447600.0
1393138800.0
1391583600.0
1392102000.0
1391583600.0
1392879600.0
1392879600.0
1392879600.0
1393052400.0
1393138800.0
1393138800.0
1393225200.0
1392620400.0
1392620400.0
1392447600.0
1392361200.0
1391497200.0
1392102000.0
1392188400.0
1392620400.0
1393138800.0
1392706800.0
1392274800.0
1392274800.0
1392274800.0
1392188400.0
1392361200.0
1392188400.0
1392188400.0
1392274800.0
1392620400.0
1392447600.0
1392620400.0
1391497200.0
1391670000.0
1393225200.0
1393311600.0
1391238000.0
1392706800.0
1392534000.0
1392447600.0
1392188400.0
1393657200.0
1392102000.0
1392274800.0
1392102000.0
1391583600.0
1391583600.0
1392534000.0
1392102000.0
1392102000.0
1392966000.0
1392102000.0
1392966000.0
1392966000.0
1393052400.0
1393398000.0
1392015600.0
1392793200.0
1392620400.0
1392534000.0
1391842800.0
1393311600.0
1393657200.0
1392188400.0
1392534000.0
1391324400.0
1391842800.0
1392534000.0
1392102000.0
1392620400.0
1391497200.0
1392706800.0
1391497200.0
1393052400.0
1393398000.0
1392620400.0
1393398000.0
1393052400.0
1393484400.0
1393052400.0
1392188400.0
1393225200.0
1392188400.0
1392879600.0
1392274800.0
1392879600.0
1392274800.0
1392361200.0
1392620400.0
1392447600.0
1392447600.0
1392188400.0
1391929200.0
1391410800.0
1392534000.0
1392534000.0
1392534000.0
1392447600.0
1392620400.0
1392620400.0
1392620400.0
1392620400.0
1393138800.0
1392620400.0
1392620400.0
1392879600.0
1391583600.0
1392706800.0
1392361200.0
1392102000.0
1392102000.0
1392102000.0
1393138800.0
1393570800.0
1392361200.0
1393657200.0
1393138800.0
1392966000.0
1392966000.0
1392534000.0
1392534000.0
1393311600.0
1392274800.0
1392706800.0
1393398000.0
1393398000.0
1393398000.0
1393484400.0
1392706800.0
1392361200.0
1392793200.0
1393225200.0
1393225200.0
1392274800.0
1392188400.0
1391410800.0
1391410800.0
1391324400.0
1391410800.0
1392361200.0
1391497200.0
1392534000.0
1391497200.0
1391324400.0
1392274800.0
1392706800.0
1392274800.0
1391756400.0
1392447600.0
1391929200.0
1392274800.0
1391929200.0
1391929200.0
1392274800.0
1391583600.0
1393484400.0
1391929200.0
1392534000.0
1393052400.0
1393570800.0
1391929200.0
1393225200.0
1393225200.0
1392447600.0
1393570800.0
1392015600.0
1393225200.0
1393225200.0
1393570800.0
1393398000.0
1393570800.0
1393225200.0
1393311600.0
1393570800.0
1393570800.0
1393570800.0
1392966000.0
1393311600.0
1393052400.0
1392534000.0
1392361200.0
1392361200.0
1392361200.0
1393138800.0
1393052400.0
1393052400.0
1392966000.0
1393484400.0
1392966000.0
1392188400.0
1393138800.0
1392879600.0
1392879600.0
1393052400.0
1392102000.0
1392966000.0
1392879600.0
1392966000.0
1392966000.0
1393570800.0
1391324400.0
1391324400.0
1393570800.0
1391324400.0
1393398000.0
1393570800.0
1392966000.0
1392620400.0
1393311600.0
1392620400.0
1392447600.0
1392879600.0
1392447600.0
1392361200.0
1393138800.0
1392879600.0
1393570800.0
1392879600.0
1392534000.0
1392966000.0
1393398000.0
1392966000.0
1393052400.0
1393484400.0
1393052400.0
1393052400.0
1393657200.0
1391929200.0
1393484400.0
1392966000.0
1392620400.0
1393570800.0
1392361200.0
1393052400.0
1392620400.0
1393570800.0
1392447600.0
1393570800.0
1393052400.0
1393398000.0
1392706800.0
1392879600.0
1392534000.0
1392706800.0
1392620400.0
1393225200.0
1392620400.0
1391583600.0
1393138800.0
1392534000.0
1393052400.0
1391410800.0
1392966000.0
1392274800.0
1392534000.0
1391583600.0
1392879600.0
1392620400.0
1392793200.0
1392793200.0
1393138800.0
1391583600.0
1392706800.0
1392706800.0
1392188400.0
1392534000.0
1393225200.0
1393052400.0
1392188400.0
1392966000.0
1392879600.0
1393225200.0
1393052400.0
1392879600.0
1393311600.0
1393570800.0
1392706800.0
1392534000.0
1392534000.0
1392447600.0
1393311600.0
1391583600.0
1391583600.0
1392793200.0
1392793200.0
1392188400.0
1392361200.0
1392102000.0
1393398000.0
1391670000.0
1392620400.0
1392706800.0
1392102000.0
1393657200.0
1392534000.0
1392188400.0
1392879600.0
1392706800.0
1393052400.0
1393398000.0
1392534000.0
1393052400.0
1393052400.0
1393225200.0
1393225200.0
1392966000.0
1392188400.0
1392620400.0
1392879600.0
1392447600.0
1392879600.0
1392534000.0
1392447600.0
1391842800.0
1392534000.0
1391842800.0
1392706800.0
1391842800.0
1392793200.0
1391842800.0
1392188400.0
1392706800.0
1392534000.0
1393484400.0
1391410800.0
1392447600.0
1392361200.0
1393138800.0
1393225200.0
1392620400.0
1392534000.0
1392534000.0
1392274800.0
1392447600.0
1392966000.0
1392534000.0
1392620400.0
1392706800.0
1392966000.0
1392447600.0
1393052400.0
1392706800.0
1392447600.0
1391929200.0
1392102000.0
1392706800.0
1393138800.0
1392706800.0
1392706800.0
1392706800.0
1393657200.0
1393311600.0
1391929200.0
1392534000.0
1392879600.0
1391410800.0
1392102000.0
1392620400.0
1392706800.0
1392706800.0
1392447600.0
1392706800.0
1392015600.0
1392534000.0
1392879600.0
1392534000.0
1392534000.0
1392274800.0
1393398000.0
1392274800.0
1392879600.0
1392361200.0
1392361200.0
1393398000.0
1392447600.0
1392447600.0
1392620400.0
1392361200.0
1392361200.0
1392447600.0
1391670000.0
1392361200.0
1392620400.0
1392447600.0
1392534000.0
1392534000.0
1393052400.0
1392274800.0
1393657200.0
1393138800.0
1393225200.0
1391497200.0
1393311600.0
1392793200.0
1392447600.0
1392620400.0
1391324400.0
1392361200.0
1391410800.0
1393225200.0
1392706800.0
1391410800.0
1392534000.0
1391497200.0
1391583600.0
1392793200.0
1391410800.0
1391410800.0
1392447600.0
1392620400.0
1392447600.0
1392966000.0
1391583600.0
1391842800.0
1392447600.0
1391670000.0
1391842800.0
1392447600.0
1391410800.0
1391842800.0
1392015600.0
1392447600.0
1391842800.0
1393398000.0
1392966000.0
1392102000.0
1393311600.0
1391756400.0
1393052400.0
1391238000.0
1392447600.0
1392966000.0
1393225200.0
1392793200.0
1393052400.0
1392447600.0
1392447600.0
1391410800.0
1392706800.0
1392706800.0
1393311600.0
1392706800.0
1392706800.0
1392706800.0
1393398000.0
1391842800.0
1393398000.0
1392706800.0
1391670000.0
1393398000.0
1393398000.0
1392361200.0
1393484400.0
1391583600.0
1392534000.0
1392534000.0
1393138800.0
1393225200.0
1392534000.0
1393138800.0
1393138800.0
1393311600.0
1392706800.0
1392879600.0
1393052400.0
1393311600.0
1393484400.0
1392966000.0
1392447600.0
1393657200.0
1392620400.0
1393311600.0
1393311600.0
1392534000.0
1393311600.0
1392534000.0
1393484400.0
1393398000.0
1393657200.0
1393657200.0
1392534000.0
1393657200.0
1393657200.0
1393052400.0
1392879600.0
1392879600.0
1392879600.0
1392879600.0
1392879600.0
1392966000.0
1392620400.0
1392534000.0
1392447600.0
1392706800.0
1393052400.0
1392274800.0
1391583600.0
1393657200.0
1391497200.0
1393570800.0
1391497200.0
1392793200.0
1393398000.0
1393657200.0
1393311600.0
1392361200.0
1392620400.0
1392879600.0
1393570800.0
1392534000.0
1392274800.0
1392620400.0
1393311600.0
1392620400.0
1393398000.0
1392447600.0
1393398000.0
1393398000.0
1392706800.0
1392620400.0
1392793200.0
1392706800.0
1392361200.0
1391929200.0
1391842800.0
1392534000.0
1392188400.0
1393484400.0
1393398000.0
1391324400.0
1393311600.0
1392102000.0
1393484400.0
1391410800.0
1391756400.0
1392966000.0
1393138800.0
1393052400.0
1392793200.0
1393052400.0
1393398000.0
1392274800.0
1393138800.0
1392620400.0
1392879600.0
1393398000.0
1392361200.0
1392534000.0
1393398000.0
1392706800.0
1392102000.0
1393052400.0
1392966000.0
1392620400.0
1392534000.0
