1435993200.0
1443164400.0
1458198000.0
1460012400.0
1441436400.0
1448607600.0
1456642800.0
1469775600.0
1369724400.0
1413183600.0
1438844400.0
1447225200.0
1371106800.0
1360134000.0
1441263600.0
1349766000.0
1379142000.0
1469170800.0
1442818800.0
1447138800.0
1442300400.0
1448175600.0
1485759600.0
1454655600.0
1457161200.0
1473145200.0
1447138800.0
1443682800.0
1460790000.0
1397026800.0
1453964400.0
1439622000.0
1453273200.0
1379142000.0
1439967600.0
1440658800.0
1368774000.0
1369724400.0
1460790000.0
1449558000.0
1373612400.0
1384412400.0
1447570800.0
1436943600.0
1447830000.0
1412924400.0
1434870000.0
1356246000.0
1409295600.0
1434438000.0
1434178800.0
1460790000.0
1481439600.0
1460962800.0
1439794800.0
1437980400.0
1452495600.0
1349766000.0
1453532400.0
1438930800.0
1439190000.0
1439622000.0
1467356400.0
1448953200.0
1374130800.0
1456210800.0
1375081200.0
1455087600.0
1456038000.0
1436252400.0
1405494000.0
1443164400.0
1465542000.0
1471503600.0
1446102000.0
1465887600.0
1370070000.0
1416726000.0
1448780400.0
1437894000.0
1439017200.0
1448607600.0
1371193200.0
1447830000.0
1395298800.0
1440313200.0
1380092400.0
1469170800.0
1391929200.0
1482994800.0
1465023600.0
1354604400.0
1445842800.0
1419490800.0
1409122800.0
1444114800.0
1351234800.0
1437462000.0
1396508400.0
1447830000.0
1349766000.0
1456988400.0
1374994800.0
1453705200.0
1436598000.0
1481698800.0
1446447600.0
1439535600.0
1439967600.0
1436511600.0
1439881200.0
1388905200.0
1465628400.0
1435474800.0
1457679600.0
1371452400.0
1374390000.0
1456038000.0
1471590000.0
1350802800.0
1443250800.0
1455174000.0
1387782000.0
1427266800.0
1467702000.0
1460098800.0
1416380400.0
1451545200.0
1370070000.0
1368774000.0
1395817200.0
1351234800.0
1440226800.0
1414652400.0
1467270000.0
1443596400.0
1349766000.0
1425625200.0
1444201200.0
1396508400.0
1438844400.0
1438844400.0
1471590000.0
1369724400.0
1436511600.0
1446102000.0
1351234800.0
1448607600.0
1484636400.0
1446966000.0
1445756400.0
1448607600.0
1375599600.0
1469602800.0
1392361200.0
1407654000.0
1437634800.0
1364540400.0
1370070000.0
1446534000.0
1440831600.0
1440745200.0
1440745200.0
1447830000.0
1447398000.0
1371452400.0
1437721200.0
1436943600.0
1454655600.0
1374390000.0
1435042800.0
1445583600.0
1350802800.0
1438585200.0
1363762800.0
1387177200.0
1453100400.0
1446447600.0
1392015600.0
1349766000.0
1479452400.0
1446447600.0
1387177200.0
1387263600.0
1442300400.0
1451372400.0
1443337200.0
1399705200.0
1474959600.0
1443510000.0
1440140400.0
1446188400.0
1450335600.0
1435302000.0
1392447600.0
1434178800.0
1437462000.0
1342422000.0
1345359600.0
1342249200.0
1368342000.0
1469257200.0
1372402800.0
1363762800.0
1386918000.0
1452754800.0
1447743600.0
1452927600.0
1371193200.0
1368860400.0
1387263600.0
1459839600.0
1417590000.0
1436684400.0
1435734000.0
1442473200.0
1456815600.0
1445929200.0
1466060400.0
1351234800.0
1439622000.0
1358319600.0
1454137200.0
1442127600.0
1371193200.0
1454396400.0
1455346800.0
1395903600.0
1442559600.0
1369724400.0
1409122800.0
1453791600.0
1434092400.0
1454310000.0
1449903600.0
1442300400.0
1436857200.0
1453359600.0
1461308400.0
1420441200.0
1437202800.0
1362207600.0
1440054000.0
1356159600.0
1381129200.0
1474959600.0
1456038000.0
1452927600.0
1460617200.0
1439190000.0
1474527600.0
1440054000.0
1474354800.0
1374044400.0
1453618800.0
1481958000.0
1474873200.0
1392188400.0
1473922800.0
1415689200.0
1468306800.0
1438930800.0
1466578800.0
1457420400.0
1426489200.0
1426662000.0
1474354800.0
1436684400.0
1456988400.0
1375945200.0
1448089200.0
1474786800.0
1434783600.0
1474182000.0
1436511600.0
1458889200.0
1430809200.0
1443337200.0
1437462000.0
1466319600.0
1474095600.0
1457074800.0
1468911600.0
1474700400.0
1414652400.0
1447052400.0
1474009200.0
1446102000.0
1459321200.0
1368342000.0
1460962800.0
1475132400.0
1452841200.0
1439794800.0
1440486000.0
1395126000.0
1371452400.0
1474354800.0
1392706800.0
1464850800.0
1475046000.0
1362207600.0
1446879600.0
1443682800.0
1460530800.0
1439190000.0
1460962800.0
1467183600.0
1456902000.0
1444978800.0
1474268400.0
1435042800.0
1439708400.0
1446879600.0
1475046000.0
1447225200.0
1432105200.0
1474959600.0
1456988400.0
1352790000.0
1435474800.0
1474268400.0
1373871600.0
1442300400.0
1380697200.0
1450594800.0
1439794800.0
1415775600.0
1373612400.0
1467788400.0
1474786800.0
1444892400.0
1466751600.0
1474182000.0
1369724400.0
1458716400.0
1369724400.0
1451026800.0
1356591600.0
1356678000.0
1448348400.0
1445583600.0
1473922800.0
1467961200.0
1459234800.0
1356159600.0
1343199600.0
1452409200.0
1372489200.0
1373180400.0
1452495600.0
1416121200.0
1475132400.0
1447052400.0
1375426800.0
1468998000.0
1473836400.0
1448262000.0
1458630000.0
1457506800.0
1475132400.0
1441522800.0
1439190000.0
1415948400.0
1442300400.0
1474614000.0
1473750000.0
1478674800.0
1443682800.0
1409122800.0
1425020400.0
1358060400.0
1416034800.0
1437030000.0
1430809200.0
1394953200.0
1401260400.0
1474614000.0
1393138800.0
1436943600.0
1485068400.0
1439017200.0
1452668400.0
1474441200.0
1442732400.0
1406790000.0
1459753200.0
1435561200.0
1440831600.0
1396162800.0
1448434800.0
1479625200.0
1438844400.0
1374822000.0
1437462000.0
1468393200.0
1466924400.0
1443510000.0
1438844400.0
1380092400.0
1356159600.0
1439622000.0
1474441200.0
1351234800.0
1351234800.0
1393311600.0
1459321200.0
1402038000.0
1392102000.0
1444374000.0
1395990000.0
1467874800.0
1394434800.0
1443596400.0
1459753200.0
1456729200.0
1409122800.0
1486018800.0
1445065200.0
1362034800.0
1374390000.0
1474786800.0
1440226800.0
1351234800.0
1440658800.0
1458543600.0
1351234800.0
1483081200.0
1448175600.0
1458111600.0
1369983600.0
1447830000.0
1437462000.0
1449298800.0
1351407600.0
1451631600.0
1439622000.0
1438066800.0
1474354800.0
1359788400.0
1435820400.0
1373266800.0
1460703600.0
1448262000.0
1416812400.0
1440918000.0
1356159600.0
1475132400.0
1342422000.0
1435561200.0
1475132400.0
1451113200.0
1435215600.0
1415948400.0
1483858800.0
1436511600.0
1371279600.0
1394607600.0
1371279600.0
1440918000.0
1448780400.0
1451372400.0
1469170800.0
1359788400.0
1446966000.0
1448175600.0
1368860400.0
1448521200.0
1451890800.0
1449558000.0
1371279600.0
1395558000.0
1445410800.0
1396249200.0
1416726000.0
1381561200.0
1361343600.0
1351234800.0
1446966000.0
1436598000.0
1369206000.0
1446102000.0
1371625200.0
1409295600.0
1416812400.0
1441177200.0
1444806000.0
1416985200.0
1455174000.0
1442127600.0
1437375600.0
1436857200.0
1446620400.0
1448694000.0
1435993200.0
1450681200.0
1429945200.0
1458111600.0
1375167600.0
1466751600.0
1376204400.0
1409122800.0
1382943600.0
1435734000.0
1481612400.0
1481871600.0
1409122800.0
1427007600.0
1430204400.0
1438844400.0
1417244400.0
1439103600.0
1447570800.0
1372489200.0
1459494000.0
1465455600.0
1433574000.0
1443164400.0
1409468400.0
1373958000.0
1370070000.0
1441436400.0
1435647600.0
1416034800.0
1471676400.0
1409295600.0
1465110000.0
1411542000.0
1374994800.0
1441263600.0
1461308400.0
1392534000.0
1439190000.0
1441609200.0
1439622000.0
1416121200.0
1436770800.0
1454914800.0
1474959600.0
1456815600.0
1446102000.0
1356678000.0
1449903600.0
1437548400.0
1460012400.0
1433228400.0
1474700400.0
1390633200.0
1368342000.0
1364540400.0
1448780400.0
1453100400.0
1364194800.0
1393138800.0
1453878000.0
1362207600.0
1371366000.0
1441954800.0
1474700400.0
1457334000.0
1455951600.0
1474959600.0
1384671600.0
1474527600.0
1456988400.0
1454655600.0
1458716400.0
1436511600.0
1436598000.0
1438844400.0
1436338800.0
1455346800.0
1474527600.0
1453878000.0
1440658800.0
1409209200.0
1482994800.0
1441263600.0
1474527600.0
1438585200.0
1468479600.0
1451113200.0
1474441200.0
1422774000.0
1485154800.0
1474268400.0
1458889200.0
1451372400.0
1468825200.0
1358060400.0
1474268400.0
1371106800.0
1474182000.0
1444374000.0
1473922800.0
1441609200.0
1481353200.0
1474095600.0
1369724400.0
1443855600.0
1369206000.0
1474095600.0
1440313200.0
1368342000.0
1380697200.0
1474873200.0
1452150000.0
1444806000.0
1360306800.0
1396681200.0
1473922800.0
1451718000.0
1456988400.0
1466838000.0
1474527600.0
1362207600.0
1450162800.0
1436943600.0
1473922800.0
1444546800.0
1458370800.0
1474441200.0
1449558000.0
1435647600.0
1447138800.0
1474441200.0
1475132400.0
1380697200.0
1460876400.0
1362207600.0
1446447600.0
1474095600.0
1445324400.0
1346396400.0
1465542000.0
1368255600.0
1473750000.0
1464850800.0
1415948400.0
1440054000.0
1473836400.0
1446102000.0
1441177200.0
1375599600.0
1466838000.0
1458630000.0
1460530800.0
1484550000.0
1449817200.0
1474786800.0
1450767600.0
1456124400.0
1466924400.0
1475046000.0
1395126000.0
1434524400.0
1448348400.0
1442386800.0
1474614000.0
1414566000.0
1437375600.0
1446706800.0
1394175600.0
1445065200.0
1454742000.0
1435993200.0
1459321200.0
1464505200.0
1437462000.0
1438066800.0
1439535600.0
1440918000.0
1391065200.0
1439708400.0
1446534000.0
1370761200.0
1460703600.0
1435734000.0
1435129200.0
1430636400.0
1466665200.0
1408950000.0
1445324400.0
1435734000.0
1416985200.0
1372489200.0
1443682800.0
1453014000.0
1456902000.0
1450508400.0
1364194800.0
1445929200.0
1448521200.0
1364626800.0
1396940400.0
1399100400.0
1452582000.0
1444546800.0
1439535600.0
1369897200.0
1415775600.0
1429945200.0
1356505200.0
1354518000.0
1444460400.0
1445583600.0
1362207600.0
1474959600.0
1374994800.0
1422514800.0
1439622000.0
1441868400.0
1441090800.0
1458457200.0
1435129200.0
1439190000.0
1396594800.0
1472626800.0
1438758000.0
1451026800.0
1450681200.0
1438930800.0
1434870000.0
1448175600.0
1443510000.0
1372575600.0
1342594800.0
1435734000.0
1438758000.0
1342422000.0
1364194800.0
1424847600.0
1467961200.0
1448780400.0
1485414000.0
1398927600.0
1359788400.0
1436338800.0
1443510000.0
1471503600.0
1439708400.0
1467183600.0
1443337200.0
1483167600.0
1361257200.0
1445929200.0
1444374000.0
1481958000.0
1416898800.0
1458284400.0
1468998000.0
1445583600.0
1434178800.0
1436511600.0
1443682800.0
1427094000.0
1361775600.0
1439967600.0
1441954800.0
1452927600.0
1427266800.0
1445324400.0
1447830000.0
1395212400.0
1448262000.0
1440054000.0
1427094000.0
1351234800.0
1446534000.0
1442041200.0
1415775600.0
1394607600.0
1398927600.0
1371625200.0
1398841200.0
1455087600.0
1415948400.0
1409122800.0
1439535600.0
1422342000.0
1447570800.0
1468134000.0
1447830000.0
1458457200.0
1436684400.0
1395212400.0
1368169200.0
1370242800.0
1438066800.0
1351234800.0
1457593200.0
1387263600.0
1453964400.0
1454137200.0
1465282800.0
1377241200.0
1446793200.0
1459148400.0
1440486000.0
1435129200.0
1458543600.0
1440313200.0
1442041200.0
1438066800.0
1409295600.0
1422514800.0
1480921200.0
1349766000.0
1468479600.0
1438066800.0
1441868400.0
1438239600.0
1446793200.0
1395039600.0
1440226800.0
1414134000.0
1425884400.0
1442991600.0
1351234800.0
1466233200.0
1446793200.0
1474614000.0
1378191600.0
1449644400.0
1356678000.0
1435906800.0
1452754800.0
1416812400.0
1455778800.0
1437462000.0
1465974000.0
1469084400.0
1436943600.0
1455174000.0
1454310000.0
1369119600.0
1443942000.0
1429599600.0
1452409200.0
1398495600.0
1479538800.0
1438758000.0
1392966000.0
1445583600.0
1370674800.0
1449126000.0
1370156400.0
1345359600.0
1475046000.0
1440918000.0
1415775600.0
1388905200.0
1416294000.0
1398495600.0
1434956400.0
1453878000.0
1409468400.0
1405926000.0
1466406000.0
1466492400.0
1372834800.0
1409122800.0
1390892400.0
1440831600.0
1408950000.0
1441350000.0
1444201200.0
1436684400.0
1454914800.0
1482562800.0
1435734000.0
1474354800.0
1451977200.0
1455951600.0
1485846000.0
1469170800.0
1447311600.0
1473922800.0
1445151600.0
1459407600.0
1443855600.0
1385708400.0
1364713200.0
1473922800.0
1453100400.0
1404370800.0
1457506800.0
1455001200.0
1475132400.0
1416726000.0
1342422000.0
1368255600.0
1460703600.0
1435215600.0
1473836400.0
1445324400.0
1459580400.0
1444892400.0
1439535600.0
1439794800.0
1485241200.0
1442732400.0
1382684400.0
1466665200.0
1371625200.0
1414393200.0
1398495600.0
1409986800.0
1434783600.0
1446274800.0
1446793200.0
1445497200.0
1452409200.0
1375945200.0
1447484400.0
1481785200.0
1445929200.0
1457247600.0
1349766000.0
1469084400.0
1415689200.0
1356850800.0
1443423600.0
1441868400.0
1451199600.0
1398582000.0
1380092400.0
1439622000.0
1417071600.0
1433142000.0
1453964400.0
1414652400.0
1459321200.0
1349766000.0
1436166000.0
1415689200.0
1429513200.0
1447311600.0
1401951600.0
1434351600.0
1439535600.0
1446447600.0
1435129200.0
1436252400.0
1450076400.0
1460617200.0
1447916400.0
1442905200.0
1459407600.0
1443510000.0
1409209200.0
1455606000.0
1465196400.0
1441868400.0
1409295600.0
1373871600.0
1341558000.0
1470294000.0
1379142000.0
1436511600.0
1363849200.0
1345359600.0
1445583600.0
1363849200.0
1439017200.0
1451545200.0
1442905200.0
1446706800.0
1453532400.0
1440831600.0
1485414000.0
1454742000.0
1436598000.0
1465801200.0
1457766000.0
1450854000.0
1439967600.0
1445842800.0
1356850800.0
1400914800.0
1466665200.0
1439622000.0
1376204400.0
1459580400.0
1434697200.0
1460530800.0
1445151600.0
1444892400.0
1354518000.0
1460962800.0
1444719600.0
1469516400.0
1395212400.0
1458198000.0
1441436400.0
1439190000.0
1447657200.0
1474959600.0
1436943600.0
1457766000.0
1474786800.0
1440140400.0
1474700400.0
1474614000.0
1467270000.0
1474441200.0
1468134000.0
1388300400.0
1438498800.0
1442386800.0
1479366000.0
1427266800.0
1446102000.0
1392966000.0
1456815600.0
1359097200.0
1460530800.0
1446966000.0
1373612400.0
1435215600.0
1446793200.0
1364540400.0
1453964400.0
1461222000.0
1372316400.0
1372489200.0
1459321200.0
1371020400.0
1445842800.0
1372402800.0
1416294000.0
1368860400.0
1469257200.0
1440658800.0
1389855600.0
1436252400.0
1386831600.0
1408172400.0
1364540400.0
1465542000.0
1469170800.0
1439967600.0
1439190000.0
1400482800.0
1469602800.0
1455174000.0
1445583600.0
1455433200.0
1438930800.0
1436425200.0
1370415600.0
1451286000.0
1480316400.0
1408086000.0
1426143600.0
1469862000.0
1480316400.0
1469516400.0
1468652400.0
1448002800.0
1343113200.0
1436857200.0
1439622000.0
1447830000.0
1460876400.0
1460962800.0
1475046000.0
1444806000.0
1371366000.0
1461222000.0
1363417200.0
1427180400.0
1357542000.0
1474873200.0
1434438000.0
1438930800.0
1468825200.0
1399791600.0
1443337200.0
1426489200.0
1455001200.0
1402988400.0
1456038000.0
1474873200.0
1392706800.0
1452409200.0
1436684400.0
1431414000.0
1438758000.0
1459407600.0
1474095600.0
1453100400.0
1376290800.0
1475132400.0
1453100400.0
1458025200.0
1475132400.0
1457161200.0
1474095600.0
1474009200.0
1460012400.0
1439017200.0
1474009200.0
1474182000.0
1460876400.0
1373871600.0
1474268400.0
1370070000.0
1474009200.0
1474786800.0
1371366000.0
1474873200.0
1437289200.0
1441090800.0
1475046000.0
1459666800.0
1409122800.0
1485154800.0
1417158000.0
1474009200.0
1436684400.0
1486018800.0
1473836400.0
1435474800.0
1473836400.0
1441868400.0
1454310000.0
1473836400.0
1473750000.0
1473750000.0
1468911600.0
1372143600.0
1475218800.0
1473836400.0
1474009200.0
1451372400.0
1473836400.0
1438844400.0
1445497200.0
1440399600.0
1415689200.0
1474700400.0
1415862000.0
1465628400.0
1457938800.0
1443337200.0
1474614000.0
1410332400.0
1447830000.0
1448175600.0
1458284400.0
1455519600.0
1440054000.0
1474354800.0
1456038000.0
1474700400.0
1473922800.0
1473922800.0
1475132400.0
1475132400.0
1474786800.0
1474873200.0
1474959600.0
1475046000.0
1426143600.0
1475218800.0
1438412400.0
1467874800.0
1405494000.0
1460358000.0
1480921200.0
1456210800.0
1402470000.0
1374735600.0
1348642800.0
1466319600.0
1482649200.0
1485586800.0
1417158000.0
1466751600.0
1478588400.0
1398409200.0
1460617200.0
1468911600.0
1447916400.0
1457679600.0
1438930800.0
1439276400.0
1447743600.0
1396508400.0
1457506800.0
1417417200.0
1439190000.0
1345273200.0
1485500400.0
1439535600.0
1460790000.0
1440658800.0
1453791600.0
1471676400.0
1436943600.0
1465110000.0
1363676400.0
1358492400.0
1434697200.0
1394953200.0
1439535600.0
1391929200.0
1349852400.0
1457593200.0
1482476400.0
1466319600.0
1374735600.0
1349766000.0
1369983600.0
1449990000.0
1403334000.0
1369810800.0
1453273200.0
1357542000.0
1395644400.0
1363849200.0
1429599600.0
1446966000.0
1446015600.0
1482303600.0
1416466800.0
1447398000.0
1440831600.0
1484290800.0
1450422000.0
1459321200.0
1444287600.0
1447657200.0
1456642800.0
1388818800.0
1457334000.0
1356678000.0
1469775600.0
1363849200.0
1457161200.0
1442991600.0
1434956400.0
1368169200.0
1482476400.0
1448002800.0
1398582000.0
1457852400.0
1458543600.0
1446620400.0
1451631600.0
1354345200.0
1485068400.0
1445929200.0
1449644400.0
1427180400.0
1455951600.0
1445151600.0
1442732400.0
1453878000.0
1357628400.0
1456729200.0
1447916400.0
1377759600.0
1451026800.0
1392274800.0
1343804400.0
1466578800.0
1357023600.0
1406790000.0
1465023600.0
1438758000.0
1482562800.0
1382252400.0
1397026800.0
1451718000.0
1459407600.0
1484809200.0
1368169200.0
1484377200.0
1456470000.0
1456470000.0
1456038000.0
1445238000.0
1411369200.0
1451113200.0
1442127600.0
1460703600.0
1461308400.0
1349852400.0
1445324400.0
1458457200.0
1485846000.0
1403334000.0
1460617200.0
1383030000.0
1396854000.0
1354172400.0
1440572400.0
1396767600.0
1378710000.0
1368774000.0
1364626800.0
1405494000.0
1469430000.0
1349766000.0
1398668400.0
1456470000.0
1480748400.0
1468911600.0
1349766000.0
1358060400.0
1422428400.0
1458370800.0
1402124400.0
1469170800.0
1480230000.0
1448607600.0
1448175600.0
1469862000.0
1456470000.0
1347174000.0
1363417200.0
1448521200.0
1466578800.0
1414998000.0
1416466800.0
1479193200.0
1375081200.0
1469343600.0
1378105200.0
1388818800.0
1460962800.0
1483340400.0
1444719600.0
1395817200.0
1449990000.0
1380956400.0
1456124400.0
1467442800.0
1396162800.0
1445756400.0
1433401200.0
1460962800.0
1469257200.0
1464505200.0
1456038000.0
1436943600.0
1349766000.0
1416466800.0
1405148400.0
1484290800.0
1441436400.0
1451804400.0
1482908400.0
1479970800.0
1396508400.0
1465369200.0
1434956400.0
1453878000.0
1458716400.0
1449471600.0
1439535600.0
1439190000.0
1439535600.0
1415516400.0
1482390000.0
1365231600.0
1451199600.0
1469430000.0
1484204400.0
1454569200.0
1368169200.0
1357282800.0
1342249200.0
1461135600.0
1479625200.0
1372489200.0
1398754800.0
1398582000.0
1455865200.0
1439535600.0
1460703600.0
1447311600.0
1439535600.0
1460790000.0
1453878000.0
1481871600.0
1453532400.0
1482562800.0
1442300400.0
1424674800.0
1449817200.0
1448348400.0
1485846000.0
1479452400.0
1480748400.0
1460876400.0
1449644400.0
1381215600.0
1357369200.0
1353826800.0
1480921200.0
1464591600.0
1461135600.0
1485932400.0
1423810800.0
1360652400.0
1448002800.0
1399273200.0
1341039600.0
1479798000.0
1398668400.0
1405753200.0
1467442800.0
1405494000.0
1382338800.0
1391324400.0
1405494000.0
1360479600.0
1388818800.0
1444546800.0
1360306800.0
1380697200.0
1482476400.0
1464678000.0
1403593200.0
1458716400.0
1368169200.0
1483167600.0
1447052400.0
1356332400.0
1439017200.0
1360479600.0
1485241200.0
1460012400.0
1454396400.0
1482562800.0
1485241200.0
1369983600.0
1446447600.0
1444374000.0
1383375600.0
1452236400.0
1440313200.0
1483686000.0
1428994800.0
1456642800.0
1479279600.0
1383980400.0
1479538800.0
1481353200.0
1466060400.0
1481526000.0
1455346800.0
1455087600.0
1460703600.0
1466146800.0
1452236400.0
1457506800.0
1485414000.0
1446361200.0
1454828400.0
1449817200.0
1403679600.0
1439535600.0
1446102000.0
1485586800.0
1485154800.0
1439622000.0
1453359600.0
1478674800.0
1391929200.0
1410418800.0
1438930800.0
1439535600.0
1396940400.0
1485500400.0
1485414000.0
1478588400.0
1435129200.0
1448780400.0
1485759600.0
1441954800.0
1484377200.0
1460617200.0
1448521200.0
1484722800.0
1464505200.0
1456124400.0
1482735600.0
1468911600.0
1391756400.0
1440572400.0
1438844400.0
1451631600.0
1458889200.0
1483772400.0
1441263600.0
1459753200.0
1406358000.0
1357282800.0
1459839600.0
1468998000.0
1456124400.0
1445151600.0
1447657200.0
1466060400.0
1482908400.0
1460530800.0
1365231600.0
1342249200.0
1398409200.0
1394953200.0
1357196400.0
1369724400.0
1455087600.0
1364713200.0
1482562800.0
1453359600.0
1451372400.0
1482735600.0
1453618800.0
1422946800.0
1453273200.0
1435215600.0
1468998000.0
1374735600.0
1448262000.0
1393052400.0
1452063600.0
1452063600.0
1434178800.0
1457074800.0
1448780400.0
1449558000.0
1468825200.0
1465887600.0
1450249200.0
1349766000.0
1458111600.0
1404111600.0
1433055600.0
1358319600.0
1374735600.0
1481266800.0
1481180400.0
1448780400.0
1429945200.0
1485241200.0
1456815600.0
1431154800.0
1365058800.0
1485414000.0
1372489200.0
1465282800.0
1459407600.0
1391410800.0
1461222000.0
1483772400.0
1448780400.0
1436770800.0
1420354800.0
1378537200.0
1360566000.0
1364626800.0
1388732400.0
1456988400.0
1359183600.0
1470726000.0
1345359600.0
1388818800.0
1369724400.0
1453964400.0
1416294000.0
1459753200.0
1482476400.0
1357369200.0
1460617200.0
1426921200.0
1415775600.0
1388905200.0
1445583600.0
1464591600.0
1466578800.0
1483426800.0
1377241200.0
1460530800.0
1480834800.0
1440226800.0
1446274800.0
1455174000.0
1392274800.0
1357369200.0
1438844400.0
1456988400.0
1484463600.0
1443855600.0
1353826800.0
1461308400.0
1371711600.0
1446793200.0
1409900400.0
1438326000.0
1428562800.0
1454569200.0
1481698800.0
1371452400.0
1456556400.0
1461135600.0
1481180400.0
1453359600.0
1375340400.0
1467788400.0
1483599600.0
1460530800.0
1358924400.0
1399532400.0
1368860400.0
1440226800.0
1467874800.0
1480230000.0
1453791600.0
1453618800.0
1454655600.0
1459321200.0
1453791600.0
1388559600.0
1357282800.0
1448089200.0
1461135600.0
1480230000.0
1435906800.0
1356850800.0
1445065200.0
1456642800.0
1454137200.0
1388905200.0
1436166000.0
1485241200.0
1460790000.0
1420268400.0
1446620400.0
1446793200.0
1427180400.0
1443337200.0
1385190000.0
1479538800.0
1483772400.0
1429599600.0
1451113200.0
1453964400.0
1468393200.0
1457679600.0
1483081200.0
1467529200.0
1443337200.0
1424674800.0
1393225200.0
1422428400.0
1445583600.0
1397026800.0
1380870000.0
1467097200.0
1460790000.0
1443855600.0
1359615600.0
1394953200.0
1356073200.0
1351234800.0
1346396400.0
1377759600.0
1480316400.0
1364626800.0
1459839600.0
1386313200.0
1354345200.0
1465887600.0
1478674800.0
1374822000.0
1457506800.0
1381129200.0
1405753200.0
1382252400.0
1483599600.0
1370156400.0
1417417200.0
1448002800.0
1396162800.0
1369206000.0
1453100400.0
1482044400.0
1350111600.0
1467702000.0
1443510000.0
1443510000.0
1482130800.0
1439708400.0
1368169200.0
1427698800.0
1375599600.0
1454482800.0
1485932400.0
1405494000.0
1460790000.0
1460358000.0
1482562800.0
1450854000.0
1461222000.0
1461222000.0
1439535600.0
1371625200.0
1371279600.0
1468566000.0
1485846000.0
1437721200.0
1394953200.0
1482562800.0
1454137200.0
1429254000.0
1356850800.0
1446706800.0
1357887600.0
1405494000.0
1370070000.0
1368774000.0
1453359600.0
1396854000.0
1454310000.0
1401433200.0
1447570800.0
1460271600.0
1439794800.0
1484722800.0
1450422000.0
1446188400.0
1484463600.0
1453964400.0
1459839600.0
1433228400.0
1481958000.0
1449817200.0
1453791600.0
1436770800.0
1449817200.0
1452927600.0
1349852400.0
1460876400.0
1459753200.0
1399791600.0
1433055600.0
1439535600.0
1448089200.0
1457593200.0
1437721200.0
1439622000.0
1453100400.0
1481180400.0
1438930800.0
1382857200.0
1444028400.0
1445410800.0
1396508400.0
1460530800.0
1455951600.0
1454137200.0
1392361200.0
1445324400.0
1454310000.0
1396767600.0
1416034800.0
1482217200.0
1439190000.0
1468393200.0
1394953200.0
1451631600.0
1349766000.0
1342594800.0
1458370800.0
1455951600.0
1381042800.0
1406617200.0
1388905200.0
1381474800.0
1389423600.0
1454223600.0
1385190000.0
1403334000.0
1378105200.0
1381129200.0
1351494000.0
1480575600.0
1453014000.0
1484895600.0
1461222000.0
1432450800.0
1380956400.0
1377759600.0
1351407600.0
1353826800.0
1346050800.0
1341039600.0
1415689200.0
1440054000.0
1484463600.0
1386054000.0
1481612400.0
1440658800.0
1439708400.0
1468998000.0
1342249200.0
1456729200.0
1402038000.0
1426748400.0
1426921200.0
1388905200.0
1375340400.0
1474614000.0
1341471600.0
1349852400.0
1481094000.0
1467788400.0
1358060400.0
1460358000.0
1382338800.0
1439535600.0
1451718000.0
1370502000.0
1453532400.0
1350802800.0
1460703600.0
1466751600.0
1445583600.0
1484550000.0
1363417200.0
1356505200.0
1396594800.0
1438930800.0
1483167600.0
1455606000.0
1387782000.0
1457766000.0
1415948400.0
1448348400.0
1416294000.0
1357282800.0
1437030000.0
1465282800.0
1438844400.0
1481180400.0
1398754800.0
1389078000.0
1394953200.0
1389596400.0
1458457200.0
1392274800.0
1391929200.0
1451631600.0
1460530800.0
1426662000.0
1426662000.0
1453878000.0
1466578800.0
1450854000.0
1429254000.0
1482390000.0
1349766000.0
1453359600.0
1451977200.0
1484809200.0
1345359600.0
1460876400.0
1411369200.0
1392274800.0
1438930800.0
1483858800.0
1385190000.0
1395558000.0
1467097200.0
1458543600.0
1451718000.0
1457679600.0
1461222000.0
1439794800.0
1360479600.0
1483167600.0
1395817200.0
1480489200.0
1439794800.0
1464418800.0
1484636400.0
1436684400.0
1454655600.0
1458370800.0
1453964400.0
1357369200.0
1453446000.0
1447916400.0
1454396400.0
1342335600.0
1454569200.0
1453273200.0
1457766000.0
1438930800.0
1458716400.0
1474009200.0
1440226800.0
1474527600.0
1461222000.0
1439708400.0
1460617200.0
1439794800.0
1440918000.0
1456902000.0
1439017200.0
1444460400.0
1481958000.0
1435647600.0
1483081200.0
1439535600.0
1481698800.0
1457852400.0
1460530800.0
1458716400.0
1394175600.0
1368169200.0
1342249200.0
1440313200.0
1446879600.0
1345273200.0
1445583600.0
1444114800.0
1456297200.0
1455519600.0
1414738800.0
1459407600.0
1453791600.0
1445410800.0
1467270000.0
1466060400.0
1415343600.0
1438930800.0
1466578800.0
1480316400.0
1439190000.0
1469948400.0
1414047600.0
1437980400.0
1440918000.0
1468738800.0
1446361200.0
1439622000.0
1439017200.0
1460530800.0
1450335600.0
1438930800.0
1359788400.0
1480230000.0
1447570800.0
1442905200.0
1483167600.0
1390114800.0
1389510000.0
1453186800.0
1433142000.0
1460530800.0
1449471600.0
1484031600.0
1436338800.0
1395212400.0
1439535600.0
1460617200.0
1456210800.0
1460790000.0
1452582000.0
1395903600.0
1441782000.0
1405753200.0
1466406000.0
1402729200.0
1433574000.0
1380870000.0
1390978800.0
1380870000.0
1374735600.0
1446361200.0
1374649200.0
1446966000.0
1467270000.0
1364626800.0
1458284400.0
1467270000.0
1350111600.0
1342594800.0
1443078000.0
1460617200.0
1457247600.0
1454396400.0
1484204400.0
1403334000.0
1417158000.0
1460617200.0
1458543600.0
1433055600.0
1456988400.0
1460703600.0
1391324400.0
1446188400.0
1416294000.0
1454396400.0
1434178800.0
1435734000.0
1460790000.0
1371020400.0
1375599600.0
1453100400.0
1387609200.0
1357369200.0
1357196400.0
1447743600.0
1458543600.0
1406271600.0
1460617200.0
1442559600.0
1413356400.0
1457938800.0
1419922800.0
1454223600.0
1451890800.0
1389423600.0
1451286000.0
1484982000.0
1481871600.0
1473663600.0
1478588400.0
1416034800.0
1375081200.0
1368774000.0
1453532400.0
1453446000.0
1342249200.0
1439190000.0
1481698800.0
1441954800.0
1466060400.0
1445065200.0
1485932400.0
1442386800.0
1445583600.0
1415862000.0
1483340400.0
1427266800.0
1435647600.0
1434178800.0
1443510000.0
1359010800.0
1358492400.0
1437375600.0
1436338800.0
1448002800.0
1424847600.0
1472022000.0
1438239600.0
1485414000.0
1458284400.0
1438930800.0
1382252400.0
1447311600.0
1445929200.0
1439190000.0
1455778800.0
1411542000.0
1453791600.0
1370070000.0
1446188400.0
1453532400.0
1450767600.0
1467874800.0
1472281200.0
1465023600.0
1357196400.0
1466319600.0
1440918000.0
1437462000.0
1426143600.0
1350802800.0
1441868400.0
1434438000.0
1370070000.0
1467961200.0
1375167600.0
1469084400.0
1439103600.0
1444719600.0
1465282800.0
1372402800.0
1445151600.0
1449298800.0
1438066800.0
1385190000.0
1409295600.0
1395471600.0
1452668400.0
1443337200.0
1447484400.0
1380697200.0
1435734000.0
1416726000.0
1448780400.0
1484982000.0
1445929200.0
1470121200.0
1395817200.0
1349852400.0
1448348400.0
1392966000.0
1354172400.0
1388732400.0
1388905200.0
1458716400.0
1390719600.0
1449471600.0
1448780400.0
1433228400.0
1466146800.0
1466838000.0
1398927600.0
1454310000.0
1450594800.0
1466838000.0
1440140400.0
1351234800.0
1466924400.0
1438585200.0
1459148400.0
1468998000.0
1441436400.0
1455692400.0
1426143600.0
1371625200.0
1374044400.0
1485068400.0
1349679600.0
1440313200.0
1471503600.0
1455865200.0
1364194800.0
1438066800.0
1436943600.0
1361948400.0
1465628400.0
1452409200.0
1373958000.0
1436511600.0
1435129200.0
1437116400.0
1454396400.0
1446793200.0
1471590000.0
1439794800.0
1444201200.0
1354604400.0
1400482800.0
1369206000.0
1385794800.0
1386831600.0
1459407600.0
1452322800.0
1446793200.0
1446102000.0
1414652400.0
1467961200.0
1405926000.0
1444806000.0
1409122800.0
1410332400.0
1445929200.0
1371538800.0
1434870000.0
1377241200.0
1441177200.0
1359788400.0
1460790000.0
1435215600.0
1409295600.0
1439794800.0
1447052400.0
1436511600.0
1446706800.0
1443337200.0
1443510000.0
1439967600.0
1368774000.0
1457074800.0
1452409200.0
1439535600.0
1394434800.0
1439622000.0
1438498800.0
1374390000.0
1368860400.0
1459321200.0
1451113200.0
1371625200.0
1459753200.0
1433574000.0
1452495600.0
1441868400.0
1435734000.0
1404111600.0
1469170800.0
1443337200.0
1465542000.0
1436598000.0
1374217200.0
1455519600.0
1447830000.0
1459321200.0
1460012400.0
1456297200.0
1368169200.0
1451372400.0
1440918000.0
1468738800.0
1447830000.0
1436684400.0
1368342000.0
1436684400.0
1441954800.0
1460790000.0
1453532400.0
1453964400.0
1440399600.0
1448607600.0
1456729200.0
1466751600.0
1433055600.0
1416121200.0
1351407600.0
1439017200.0
1444460400.0
1444546800.0
1468998000.0
1439362800.0
1359788400.0
1436511600.0
1351234800.0
1392534000.0
1351234800.0
1447657200.0
1342249200.0
1446706800.0
1371279600.0
1380956400.0
1414652400.0
1468652400.0
1472626800.0
1370761200.0
1442905200.0
1364540400.0
1470121200.0
1438498800.0
1448175600.0
1451286000.0
1467874800.0
1435215600.0
1369724400.0
1351234800.0
1458457200.0
1460617200.0
1467961200.0
1464505200.0
1448521200.0
1468825200.0
1472281200.0
1440054000.0
1394953200.0
1445842800.0
1464591600.0
1451804400.0
1354518000.0
1439103600.0
1460962800.0
1444546800.0
1442386800.0
1439535600.0
1484118000.0
1453618800.0
1451718000.0
1435993200.0
1458457200.0
1471935600.0
1360479600.0
1454137200.0
1409468400.0
1446102000.0
1467788400.0
1459234800.0
1441609200.0
1471676400.0
1369724400.0
1417590000.0
1435129200.0
1416812400.0
1472626800.0
1472194800.0
1440399600.0
1438239600.0
1449385200.0
1440226800.0
1453100400.0
1364194800.0
1451372400.0
1447830000.0
1446274800.0
1448262000.0
1441263600.0
1449903600.0
1480316400.0
1398927600.0
1453273200.0
1438930800.0
1356591600.0
1439622000.0
1440831600.0
1443682800.0
1444201200.0
1398841200.0
1466665200.0
1414134000.0
1388905200.0
1452927600.0
1353826800.0
1439708400.0
1364108400.0
1437462000.0
1450422000.0
1369983600.0
1371279600.0
1373785200.0
1409122800.0
1450594800.0
1460617200.0
1465196400.0
1442991600.0
1460876400.0
1469257200.0
1468911600.0
1411196400.0
1457593200.0
1454914800.0
1466838000.0
1485500400.0
1439017200.0
1449471600.0
1450681200.0
1438930800.0
1439535600.0
1443250800.0
1464505200.0
1441263600.0
1485327600.0
1354518000.0
1467961200.0
1459148400.0
1460876400.0
1453791600.0
1467010800.0
1443510000.0
1371625200.0
1370502000.0
1444374000.0
1469170800.0
1351234800.0
1439190000.0
1351234800.0
1443423600.0
1350802800.0
1371279600.0
1453618800.0
1471590000.0
1460617200.0
1439622000.0
1435993200.0
1372489200.0
1481094000.0
1414652400.0
1445324400.0
1457161200.0
1459321200.0
1440054000.0
1387263600.0
1485327600.0
1380006000.0
1458284400.0
1453100400.0
1439535600.0
1455001200.0
1456902000.0
1448434800.0
1425020400.0
1363762800.0
1453878000.0
1446793200.0
1436511600.0
1424847600.0
1435129200.0
1452927600.0
1460617200.0
1439535600.0
1453186800.0
1434524400.0
1368342000.0
1448780400.0
1471676400.0
1448262000.0
1373871600.0
1415948400.0
1375599600.0
1453100400.0
1455174000.0
1437375600.0
1371020400.0
1436338800.0
1460530800.0
1408086000.0
1364194800.0
1413183600.0
1446102000.0
1465455600.0
1466924400.0
1409468400.0
1448780400.0
1469948400.0
1478674800.0
1349766000.0
1444892400.0
1445410800.0
1467961200.0
1452495600.0
1449644400.0
1466924400.0
1443769200.0
1374217200.0
1446361200.0
1452582000.0
1467183600.0
1437202800.0
1429945200.0
1456815600.0
1444892400.0
1392274800.0
1370674800.0
1453359600.0
1371193200.0
1441868400.0
1351494000.0
1371193200.0
1363849200.0
1456642800.0
1405494000.0
1465196400.0
1351234800.0
1349766000.0
1452495600.0
1465542000.0
1460012400.0
1404111600.0
1449558000.0
1436684400.0
1357023600.0
1357542000.0
1460530800.0
1443510000.0
1460617200.0
1457766000.0
1453100400.0
1443164400.0
1437462000.0
1435734000.0
1438930800.0
1448780400.0
1368860400.0
1447743600.0
1363849200.0
1350802800.0
1442300400.0
1357196400.0
1445065200.0
1439190000.0
1468652400.0
1441090800.0
1453964400.0
1416121200.0
1435474800.0
1424847600.0
1423983600.0
1460962800.0
1469170800.0
1445842800.0
1439967600.0
1357369200.0
1444719600.0
1438930800.0
1445065200.0
1409468400.0
1451372400.0
1442732400.0
1373871600.0
1373612400.0
1438498800.0
1439535600.0
1447138800.0
1453705200.0
1438758000.0
1469602800.0
1456124400.0
1379142000.0
1452409200.0
1449298800.0
1482303600.0
1455174000.0
1356591600.0
1453273200.0
1446102000.0
1457766000.0
1460790000.0
1446534000.0
1452409200.0
1441868400.0
1447743600.0
1424847600.0
1438844400.0
1409122800.0
1467961200.0
1446447600.0
1468652400.0
1467097200.0
1388905200.0
1440831600.0
1351234800.0
1435647600.0
1467961200.0
1358060400.0
1404370800.0
1434783600.0
1448780400.0
1387263600.0
1448175600.0
1441868400.0
1436511600.0
1440745200.0
1342335600.0
1378191600.0
1449471600.0
1433142000.0
1409295600.0
1371366000.0
1459666800.0
1469516400.0
1435993200.0
1409122800.0
1424588400.0
1453618800.0
1434783600.0
1415948400.0
1466924400.0
1468652400.0
1393138800.0
1435474800.0
1360134000.0
1454569200.0
1395212400.0
1349766000.0
1446361200.0
1442732400.0
1447830000.0
1449298800.0
1444374000.0
1448953200.0
1434697200.0
1395039600.0
1460962800.0
1442127600.0
1436943600.0
1445756400.0
1443682800.0
1464505200.0
1452754800.0
1436770800.0
1448089200.0
1368774000.0
1458630000.0
1351234800.0
1449990000.0
1438930800.0
1379142000.0
1439794800.0
1441436400.0
1440918000.0
1399791600.0
1446534000.0
1374130800.0
1453100400.0
1460790000.0
1434351600.0
1351234800.0
1465023600.0
1394953200.0
1447484400.0
1438930800.0
1443855600.0
1442559600.0
1467529200.0
1396162800.0
1467615600.0
1396249200.0
1459321200.0
1380092400.0
1445842800.0
1368860400.0
1371366000.0
1385708400.0
1371366000.0
1444719600.0
1438066800.0
1395126000.0
1395126000.0
1429945200.0
1381561200.0
1446966000.0
1468911600.0
1472886000.0
1446361200.0
1479625200.0
1440658800.0
1444806000.0
1436252400.0
1409209200.0
1438066800.0
1417330800.0
1398495600.0
1460962800.0
1439881200.0
1370070000.0
1466665200.0
1453532400.0
1356418800.0
1440313200.0
1468566000.0
1361343600.0
1448002800.0
1447138800.0
1439881200.0
1439967600.0
1368169200.0
1437289200.0
1392706800.0
1438844400.0
1435561200.0
1466060400.0
1456642800.0
1415948400.0
1435734000.0
1394348400.0
1456902000.0
1452495600.0
1369724400.0
1451804400.0
1440313200.0
1468306800.0
1445410800.0
1460876400.0
1450767600.0
1447743600.0
1372575600.0
1409122800.0
1459580400.0
1451545200.0
1420354800.0
1414134000.0
1448262000.0
1345359600.0
1446966000.0
1459580400.0
1458370800.0
1455174000.0
1413442800.0
1396508400.0
1351234800.0
1454137200.0
1479193200.0
1396508400.0
1441263600.0
1440658800.0
1451545200.0
1438758000.0
1373612400.0
1369983600.0
1359010800.0
1428562800.0
1439190000.0
1427698800.0
1440226800.0
1387782000.0
1456815600.0
1373958000.0
1484377200.0
1448694000.0
1456988400.0
1460617200.0
1451545200.0
1455606000.0
1450249200.0
1461222000.0
1448089200.0
1472022000.0
1442214000.0
1435129200.0
1471935600.0
1456210800.0
1394953200.0
1416294000.0
1423897200.0
1375599600.0
1479193200.0
1352790000.0
1380092400.0
1411455600.0
1372402800.0
1438844400.0
1445151600.0
1469170800.0
1364540400.0
1364540400.0
1467270000.0
1457852400.0
1472281200.0
1372316400.0
1460703600.0
1389855600.0
1363762800.0
1438844400.0
1446102000.0
1437721200.0
1427094000.0
1450681200.0
1469170800.0
1456988400.0
1446966000.0
1435647600.0
1395903600.0
1436166000.0
1394607600.0
1393138800.0
1380956400.0
1443337200.0
1440226800.0
1349766000.0
1447830000.0
1368342000.0
1388732400.0
1460012400.0
1430809200.0
1460790000.0
1466924400.0
1466924400.0
1465542000.0
1374735600.0
1447052400.0
1457506800.0
1442300400.0
1447570800.0
1449990000.0
1372489200.0
1448521200.0
1445497200.0
1414393200.0
1439794800.0
1472626800.0
1388905200.0
1459666800.0
1362207600.0
1429945200.0
1357196400.0
1453100400.0
1429599600.0
1444374000.0
1435129200.0
1435820400.0
1448607600.0
1457247600.0
1471590000.0
1468652400.0
1468911600.0
1447052400.0
1446447600.0
1451026800.0
1472281200.0
1467961200.0
1351234800.0
1467961200.0
1422774000.0
1443164400.0
1456210800.0
1455174000.0
1458889200.0
1447916400.0
1435561200.0
1455001200.0
1470812400.0
1422514800.0
1373612400.0
1465542000.0
1382943600.0
1438844400.0
1441868400.0
1430636400.0
1466924400.0
1434092400.0
1440658800.0
1457420400.0
1448262000.0
1434265200.0
1467874800.0
1362207600.0
1416985200.0
1446534000.0
1441868400.0
1466578800.0
1454310000.0
1445583600.0
1435215600.0
1457161200.0
1436598000.0
1442041200.0
1439190000.0
1417158000.0
1381906800.0
1446620400.0
1362207600.0
1372316400.0
1379142000.0
1416812400.0
1438066800.0
1456815600.0
1469689200.0
1454569200.0
1371452400.0
1371020400.0
1465801200.0
1351234800.0
1446966000.0
1370502000.0
1387177200.0
1392361200.0
1483686000.0
1435474800.0
1461308400.0
1394780400.0
1446274800.0
1480057200.0
1457506800.0
1427266800.0
1351234800.0
1434178800.0
1372489200.0
1370070000.0
1481612400.0
1346396400.0
1452063600.0
1483081200.0
1483167600.0
1395817200.0
1439535600.0
1375426800.0
1465974000.0
1409122800.0
1465542000.0
1380783600.0
1358319600.0
1458025200.0
1447830000.0
1369206000.0
1434783600.0
1434870000.0
1485241200.0
1439535600.0
1481266800.0
1446447600.0
1447830000.0
1372316400.0
1356418800.0
1358924400.0
1420441200.0
1459494000.0
1465023600.0
1425625200.0
1442386800.0
1444114800.0
1461222000.0
1444892400.0
1483081200.0
1438498800.0
1485586800.0
1452754800.0
1484895600.0
1441609200.0
1458198000.0
1457334000.0
1469084400.0
1472972400.0
1386918000.0
1349766000.0
1392274800.0
1485414000.0
1485586800.0
1483340400.0
1437462000.0
1485759600.0
1445324400.0
1398495600.0
1369119600.0
1448780400.0
1437721200.0
1454742000.0
1481266800.0
1469170800.0
1470294000.0
1453100400.0
1441350000.0
1469862000.0
1455778800.0
1389423600.0
1459580400.0
1455433200.0
1485759600.0
1453791600.0
1468911600.0
1443596400.0
1453359600.0
1393311600.0
1394434800.0
1417071600.0
1436943600.0
1372834800.0
1436684400.0
1438758000.0
1446793200.0
1440054000.0
1441090800.0
1442818800.0
1439190000.0
1380697200.0
1376204400.0
1376204400.0
1437462000.0
1479106800.0
1464505200.0
1356159600.0
1350802800.0
1479625200.0
1480575600.0
1372489200.0
1373871600.0
1482044400.0
1485414000.0
1485327600.0
1446188400.0
1425625200.0
1368169200.0
1351234800.0
1386140400.0
1458543600.0
1443769200.0
1388559600.0
1459234800.0
1350802800.0
1468998000.0
1460012400.0
1360911600.0
1357369200.0
1357196400.0
1368774000.0
1434610800.0
1415516400.0
1446015600.0
1450076400.0
1457679600.0
1427353200.0
1434956400.0
1395817200.0
1351926000.0
1459494000.0
1467961200.0
1465369200.0
1460617200.0
1458975600.0
1391324400.0
1438844400.0
1445670000.0
1460617200.0
1419490800.0
1439535600.0
1468738800.0
1449126000.0
1439708400.0
1485673200.0
1432450800.0
1446015600.0
1440831600.0
1452150000.0
1457506800.0
1398582000.0
1374649200.0
1446102000.0
1364713200.0
1435561200.0
1387609200.0
1458025200.0
1480748400.0
1426921200.0
1482217200.0
1483945200.0
1442041200.0
1482735600.0
1435820400.0
1467356400.0
1466751600.0
1351234800.0
1371538800.0
1466751600.0
1363244400.0
1484290800.0
1453791600.0
1428822000.0
1485759600.0
1407481200.0
1442041200.0
1393138800.0
1403247600.0
1455087600.0
1483686000.0
1460098800.0
1457766000.0
1446966000.0
1452927600.0
1358233200.0
1467097200.0
1451199600.0
1365231600.0
1436338800.0
1440226800.0
1455951600.0
1455433200.0
1365231600.0
1485932400.0
1437030000.0
1424242800.0
1449903600.0
1388905200.0
1441263600.0
1440226800.0
1441782000.0
1354604400.0
1446534000.0
1439622000.0
1346050800.0
1359183600.0
1453100400.0
1404111600.0
1439535600.0
1341471600.0
1368169200.0
1453100400.0
1435993200.0
1434438000.0
1400310000.0
1447052400.0
1482476400.0
1448175600.0
1480748400.0
1441695600.0
1479279600.0
1458370800.0
1383375600.0
1371452400.0
1371538800.0
1449644400.0
1369983600.0
1457593200.0
1443250800.0
1433055600.0
1369983600.0
1364108400.0
1436079600.0
1368082800.0
1481007600.0
1364713200.0
1421132400.0
1442905200.0
1434178800.0
1424156400.0
1467270000.0
1455260400.0
1449039600.0
1386054000.0
1412492400.0
1422255600.0
1391756400.0
1388905200.0
1483340400.0
1422428400.0
1414220400.0
1449039600.0
1449298800.0
1421564400.0
1481266800.0
1468825200.0
1485414000.0
1469948400.0
1469948400.0
1382338800.0
1438758000.0
1446447600.0
1378191600.0
1480230000.0
1449471600.0
1481266800.0
1456642800.0
1459753200.0
1435993200.0
1447052400.0
1456038000.0
1484031600.0
1456902000.0
1437030000.0
1460271600.0
1465196400.0
1368169200.0
1388905200.0
1423810800.0
1370502000.0
1401951600.0
1450767600.0
1427353200.0
1411196400.0
1425798000.0
1437634800.0
1484290800.0
1344495600.0
1454742000.0
1458370800.0
1468306800.0
1368774000.0
1478674800.0
1436598000.0
1456210800.0
1369724400.0
1484463600.0
1482390000.0
1481353200.0
1368169200.0
1359788400.0
1456729200.0
1449903600.0
1455692400.0
1461222000.0
1415689200.0
1349766000.0
1444460400.0
1439017200.0
1342249200.0
1457593200.0
1390633200.0
1465455600.0
1485500400.0
1479970800.0
1469170800.0
1417417200.0
1465196400.0
1451113200.0
1374217200.0
1396508400.0
1451372400.0
1445065200.0
1364540400.0
1401001200.0
1354518000.0
1479538800.0
1403334000.0
1460358000.0
1365145200.0
1443769200.0
1386313200.0
1484982000.0
1440658800.0
1452063600.0
1467010800.0
1451372400.0
1432105200.0
1467270000.0
1460444400.0
1453618800.0
1460530800.0
1479538800.0
1458457200.0
1459926000.0
1445151600.0
1438758000.0
1467788400.0
1413961200.0
1469257200.0
1371711600.0
1469170800.0
1456210800.0
1423378800.0
1409900400.0
1342422000.0
1395298800.0
1350802800.0
1342249200.0
1342335600.0
1368082800.0
1356418800.0
1482476400.0
1342249200.0
1466751600.0
1368169200.0
1461308400.0
1453359600.0
1438844400.0
1440399600.0
1446879600.0
1384412400.0
1415948400.0
1483945200.0
1467529200.0
1381042800.0
1457766000.0
1453014000.0
1357023600.0
1465369200.0
1447138800.0
1457679600.0
1419490800.0
1447398000.0
1359615600.0
1381129200.0
1432969200.0
1426921200.0
1454482800.0
1395126000.0
1433055600.0
1451286000.0
1389596400.0
1388732400.0
1445151600.0
1458457200.0
1388905200.0
1417935600.0
1342249200.0
1452754800.0
1402642800.0
1405753200.0
1447743600.0
1345359600.0
1399359600.0
1448175600.0
1464678000.0
1483945200.0
1403593200.0
1342594800.0
1447830000.0
1385967600.0
1374130800.0
1350802800.0
1435820400.0
1441868400.0
1480489200.0
1435129200.0
1440745200.0
1442127600.0
1452841200.0
1439190000.0
1485500400.0
1446102000.0
1396249200.0
1456038000.0
1478674800.0
1482735600.0
1439017200.0
1445583600.0
1467097200.0
1440313200.0
1391583600.0
1451372400.0
1459753200.0
1441436400.0
1396249200.0
1396508400.0
1454137200.0
1460617200.0
1453532400.0
1481958000.0
1357196400.0
1448262000.0
1459494000.0
1460530800.0
1434178800.0
1484722800.0
1468134000.0
1395126000.0
1440486000.0
1440658800.0
1441263600.0
1459321200.0
1419663600.0
1434783600.0
1411628400.0
1357196400.0
1453791600.0
1436511600.0
1404111600.0
1438844400.0
1434178800.0
1419577200.0
1465282800.0
1453359600.0
1454137200.0
1484982000.0
1435647600.0
1448780400.0
1434697200.0
1448694000.0
1458543600.0
1469862000.0
1454396400.0
1467183600.0
1413097200.0
1389250800.0
1374908400.0
1380351600.0
1466838000.0
1423810800.0
1481526000.0
1375340400.0
1479193200.0
1396854000.0
1429254000.0
1446102000.0
1358060400.0
1453273200.0
1455260400.0
1448780400.0
1395471600.0
1467961200.0
1438844400.0
1468047600.0
1437721200.0
1447484400.0
1454137200.0
1360306800.0
1374994800.0
1444633200.0
1444374000.0
1452754800.0
1399359600.0
1464505200.0
1466233200.0
1479538800.0
1484377200.0
1372662000.0
1372662000.0
1409036400.0
1454223600.0
1484809200.0
1482217200.0
1448780400.0
1453532400.0
1453014000.0
1404111600.0
1465542000.0
1468047600.0
1447916400.0
1418972400.0
1414911600.0
1439362800.0
1449817200.0
1437116400.0
1439708400.0
1469170800.0
1451804400.0
1448348400.0
1445238000.0
1416553200.0
1368774000.0
1485673200.0
1434265200.0
1357196400.0
1479193200.0
1353135600.0
1455951600.0
1446361200.0
1380870000.0
1392274800.0
1389078000.0
1451890800.0
1461222000.0
1359788400.0
1354518000.0
1460617200.0
1457334000.0
1454569200.0
1458025200.0
1357369200.0
1468911600.0
1358492400.0
1447830000.0
1482649200.0
1349852400.0
1485327600.0
1412838000.0
1381906800.0
1378882800.0
1454223600.0
1341039600.0
1356850800.0
1452495600.0
1398582000.0
1459234800.0
1484982000.0
1371452400.0
1357369200.0
1453791600.0
