1451804400.0
1450076400.0
1433833200.0
1433833200.0
1430031600.0
1430031600.0
1430031600.0
1474268400.0
1474268400.0
1462518000.0
1438153200.0
1438153200.0
1438239600.0
1438239600.0
1440831600.0
1445324400.0
1448262000.0
1445324400.0
1445324400.0
1435820400.0
1484550000.0
1433746800.0
1476514800.0
1475737200.0
1430550000.0
1435215600.0
1466406000.0
1431241200.0
1431241200.0
1461481200.0
1455951600.0
1451372400.0
1429858800.0
1440831600.0
1438153200.0
1433746800.0
1433746800.0
1433228400.0
1462518000.0
1472626800.0
1429858800.0
1444546800.0
1483945200.0
1455951600.0
1455951600.0
1455951600.0
1451718000.0
1451631600.0
1472626800.0
1431241200.0
1429686000.0
1438153200.0
1429686000.0
1433833200.0
1468652400.0
1435820400.0
1462690800.0
1440831600.0
1438153200.0
1484031600.0
1433746800.0
1462518000.0
1429686000.0
1429686000.0
1483945200.0
1430550000.0
1435215600.0
1466406000.0
1466406000.0
1472972400.0
1432710000.0
1455951600.0
1430031600.0
1430031600.0
1476514800.0
1462690800.0
1435820400.0
1472626800.0
1430550000.0
1432710000.0
1466406000.0
1433833200.0
1433833200.0
1430031600.0
1448694000.0
1472626800.0
1440831600.0
1440831600.0
1438239600.0
1433228400.0
1445324400.0
1440831600.0
1430031600.0
1435820400.0
1430031600.0
1451372400.0
1433746800.0
1433746800.0
1476514800.0
1462690800.0
1461481200.0
1461481200.0
1451631600.0
1450076400.0
1430550000.0
1455951600.0
1472626800.0
1431241200.0
1471935600.0
1468652400.0
1450076400.0
1429686000.0
1451372400.0
1435820400.0
1451372400.0
1429858800.0
1448694000.0
1430031600.0
1451718000.0
1451718000.0
1449385200.0
1448694000.0
1435820400.0
1455951600.0
1466406000.0
1438153200.0
1428822000.0
1484031600.0
1430550000.0
1429686000.0
1468566000.0
1472972400.0
1432710000.0
1432710000.0
1436684400.0
1430550000.0
1455951600.0
1432710000.0
1472972400.0
1430031600.0
1430031600.0
1430031600.0
1430031600.0
1451718000.0
1451718000.0
1429686000.0
1429858800.0
1448694000.0
1484550000.0
1429686000.0
1429513200.0
1433746800.0
1436079600.0
1433228400.0
1429858800.0
1440831600.0
1438239600.0
1438239600.0
1462690800.0
1432710000.0
1472972400.0
1472626800.0
1468566000.0
1455951600.0
1438239600.0
1431241200.0
1429686000.0
1429686000.0
1429686000.0
1433833200.0
1433228400.0
1475737200.0
1484031600.0
1438239600.0
1438239600.0
1435820400.0
1435820400.0
1476946800.0
1475737200.0
1462518000.0
1429686000.0
1429686000.0
1471935600.0
1471935600.0
1450076400.0
1430031600.0
1430031600.0
1451372400.0
1429858800.0
1435820400.0
1451718000.0
1448262000.0
1445324400.0
1438239600.0
1438153200.0
1484031600.0
1433746800.0
1433746800.0
1433746800.0
1433746800.0
1433228400.0
1462518000.0
1462518000.0
1451718000.0
1451372400.0
1476774000.0
1429686000.0
1451718000.0
1483945200.0
1429513200.0
1451372400.0
1448694000.0
1433833200.0
1429686000.0
1483945200.0
1468652400.0
1451804400.0
1429686000.0
1455951600.0
1455951600.0
1455951600.0
1455951600.0
1432710000.0
1472972400.0
1472972400.0
1431241200.0
1430550000.0
1455951600.0
1432710000.0
1432710000.0
1450076400.0
1429686000.0
1483945200.0
1433833200.0
1450076400.0
1429686000.0
1483945200.0
1459494000.0
1459494000.0
1445324400.0
1445324400.0
1435820400.0
1433746800.0
1433746800.0
1433746800.0
1476514800.0
1433228400.0
1462690800.0
1462518000.0
1455951600.0
1455951600.0
1451718000.0
1472972400.0
1466406000.0
1483686000.0
1435820400.0
1449385200.0
1451718000.0
1429858800.0
1435820400.0
1428822000.0
1433746800.0
1430031600.0
1430550000.0
1429858800.0
1430550000.0
1472626800.0
1431241200.0
1431241200.0
1448694000.0
1435820400.0
1476514800.0
1433228400.0
1445324400.0
1438239600.0
1484550000.0
1433746800.0
1433746800.0
1433746800.0
1468652400.0
1468652400.0
1471935600.0
1433833200.0
1450076400.0
1459494000.0
1445324400.0
1462690800.0
1462518000.0
1451631600.0
1436684400.0
1440831600.0
1440831600.0
1438239600.0
1475737200.0
1475737200.0
1430031600.0
1438239600.0
1462518000.0
1433228400.0
1433746800.0
1445324400.0
1445324400.0
1459494000.0
1451718000.0
1451372400.0
1449385200.0
1429513200.0
1474268400.0
1472626800.0
1451804400.0
1451804400.0
1429686000.0
1483945200.0
1483945200.0
1433833200.0
1433833200.0
1472972400.0
1436684400.0
1430550000.0
1468652400.0
1461481200.0
1430550000.0
1455951600.0
1431241200.0
1472626800.0
1438153200.0
1435820400.0
1435820400.0
1432710000.0
1432710000.0
1468566000.0
1430031600.0
1451372400.0
1429513200.0
1472626800.0
1429686000.0
1484895600.0
1462690800.0
1430031600.0
1430031600.0
1430031600.0
1449385200.0
1435820400.0
1461481200.0
1436684400.0
1435215600.0
1431241200.0
1431241200.0
1431241200.0
1431241200.0
1429858800.0
1481266800.0
1451372400.0
1429513200.0
1450076400.0
1433833200.0
1451372400.0
1483686000.0
1476514800.0
1462518000.0
1429858800.0
1448694000.0
1448694000.0
1448694000.0
1451372400.0
1483686000.0
1468652400.0
1448262000.0
1438239600.0
1438239600.0
1433746800.0
1433228400.0
1431241200.0
1431241200.0
1432710000.0
1451631600.0
1455951600.0
1455951600.0
1455951600.0
1430550000.0
1432710000.0
1432710000.0
1472972400.0
1484031600.0
1435820400.0
1440831600.0
1440831600.0
1472626800.0
1461481200.0
1430031600.0
1474268400.0
1429513200.0
1429513200.0
1429513200.0
1448262000.0
1448262000.0
1440831600.0
1433746800.0
1433746800.0
1475737200.0
1441522800.0
1433833200.0
1433746800.0
1440831600.0
1440831600.0
1432710000.0
1466406000.0
1472626800.0
1451718000.0
1455951600.0
1430550000.0
1429686000.0
1433833200.0
1462690800.0
1462690800.0
1462518000.0
1462518000.0
1462518000.0
1433228400.0
1433746800.0
1433746800.0
1472972400.0
1484031600.0
1438153200.0
1438239600.0
1448262000.0
1441522800.0
1433833200.0
1483945200.0
1429686000.0
1430031600.0
1451372400.0
1451372400.0
1449385200.0
1449385200.0
1448694000.0
1435820400.0
1435820400.0
1472626800.0
1429513200.0
1435820400.0
1474268400.0
1462518000.0
1484031600.0
1445324400.0
1448262000.0
1451718000.0
1459494000.0
1459494000.0
1436166000.0
1433833200.0
1484031600.0
1484031600.0
1433833200.0
1430031600.0
1449385200.0
1429686000.0
1438239600.0
1433833200.0
1476514800.0
1429686000.0
1440831600.0
1433833200.0
1429513200.0
1429513200.0
1448694000.0
1433833200.0
1433833200.0
1429686000.0
1455951600.0
1429858800.0
1429513200.0
1429686000.0
1455951600.0
1429686000.0
1461481200.0
1429167600.0
1429167600.0
1440831600.0
1438239600.0
1484031600.0
1462518000.0
1433833200.0
1430031600.0
1430031600.0
1435820400.0
1448694000.0
1455951600.0
1435215600.0
1435820400.0
1430031600.0
1430031600.0
1429686000.0
1468566000.0
1433833200.0
1444806000.0
1444806000.0
1451804400.0
1451372400.0
1444546800.0
1449817200.0
1452582000.0
1436857200.0
1441522800.0
1439794800.0
1457766000.0
1461481200.0
1444633200.0
1452409200.0
1451890800.0
1433228400.0
1444546800.0
1428822000.0
1445410800.0
1433228400.0
1433833200.0
1449903600.0
1445583600.0
1453273200.0
1453618800.0
1453532400.0
1440831600.0
1453186800.0
1440658800.0
1440831600.0
1433833200.0
1454914800.0
1456297200.0
1429686000.0
1441695600.0
1448262000.0
1441954800.0
1451890800.0
1436943600.0
1456556400.0
1435906800.0
1429167600.0
1483945200.0
1453618800.0
1441954800.0
1444633200.0
1440831600.0
1450681200.0
1451804400.0
1444892400.0
1444806000.0
1450681200.0
1474268400.0
1436857200.0
1455951600.0
1444892400.0
1445238000.0
1433487600.0
1445238000.0
1440313200.0
1445238000.0
1439881200.0
1443942000.0
1439967600.0
1455951600.0
1445151600.0
1434092400.0
1435215600.0
1435474800.0
1435474800.0
1457766000.0
1440831600.0
1432710000.0
1440918000.0
1445842800.0
1429686000.0
1437375600.0
1453446000.0
1451804400.0
1450681200.0
1430550000.0
1439881200.0
1451890800.0
1452582000.0
1433228400.0
1449126000.0
1433833200.0
1432710000.0
1429513200.0
1448262000.0
1451631600.0
1449126000.0
1441695600.0
1451890800.0
1453446000.0
1431586800.0
1434178800.0
1433833200.0
1457074800.0
1456038000.0
1433228400.0
1449126000.0
1452582000.0
1435906800.0
1475737200.0
1440831600.0
1441954800.0
1447484400.0
1441522800.0
1429858800.0
1445065200.0
1444546800.0
1435647600.0
1434006000.0
1435474800.0
1438326000.0
1445324400.0
1440831600.0
1440658800.0
1435129200.0
1429858800.0
1435906800.0
1440918000.0
1435820400.0
1450681200.0
1429513200.0
1435820400.0
1435474800.0
1439622000.0
1451804400.0
1440745200.0
1441954800.0
1436079600.0
1435993200.0
1435906800.0
1440399600.0
1445238000.0
1450076400.0
1472972400.0
1451890800.0
1457852400.0
1444546800.0
1444546800.0
1431241200.0
1444806000.0
1462690800.0
1438844400.0
1457766000.0
1455692400.0
1436684400.0
1438930800.0
1451804400.0
1435820400.0
1451890800.0
1461481200.0
1429686000.0
1451545200.0
1483945200.0
1429686000.0
1435474800.0
1437375600.0
1450422000.0
1444374000.0
1444114800.0
1439881200.0
1444546800.0
1452495600.0
1440918000.0
1452495600.0
1428822000.0
1451890800.0
1429686000.0
1483945200.0
1445065200.0
1444978800.0
1450076400.0
1451804400.0
1434006000.0
1438326000.0
1451977200.0
1451113200.0
1446361200.0
1444546800.0
1445670000.0
1441954800.0
1448780400.0
1444633200.0
1436770800.0
1438153200.0
1438758000.0
1435906800.0
1430031600.0
1484031600.0
1438326000.0
1452582000.0
1462518000.0
1429513200.0
1450162800.0
1445410800.0
1448262000.0
1437116400.0
1440831600.0
1452582000.0
1441522800.0
1457679600.0
1445324400.0
1456383600.0
1435129200.0
1451804400.0
1433919600.0
1434092400.0
1441954800.0
1435474800.0
1451804400.0
1434524400.0
1450594800.0
1445238000.0
1451372400.0
1440918000.0
1440831600.0
1433574000.0
1457420400.0
1451631600.0
1445151600.0
1456038000.0
1451804400.0
1434092400.0
1433833200.0
1445324400.0
1457679600.0
1452409200.0
1449730800.0
1483772400.0
1452236400.0
1448262000.0
1452754800.0
1440831600.0
1438153200.0
1433833200.0
1434524400.0
1438844400.0
1444546800.0
1443596400.0
1439881200.0
1433833200.0
1440918000.0
1439794800.0
1435388400.0
1452582000.0
1453618800.0
1455692400.0
1455692400.0
1456383600.0
1445238000.0
1440658800.0
1450681200.0
1435820400.0
1440918000.0
1449126000.0
1440831600.0
1452409200.0
1449730800.0
1444633200.0
1444892400.0
1451804400.0
1451545200.0
1457679600.0
1430031600.0
1430031600.0
1436166000.0
1430031600.0
1448262000.0
1429599600.0
1457679600.0
1438758000.0
1439794800.0
1438844400.0
1433833200.0
1440831600.0
1440918000.0
1440658800.0
1440658800.0
1435474800.0
1435820400.0
1444546800.0
1466406000.0
1435215600.0
1440918000.0
1453964400.0
1444806000.0
1454569200.0
1454396400.0
1451372400.0
1433919600.0
1429686000.0
1434092400.0
1440831600.0
1450508400.0
1438239600.0
1448607600.0
1455951600.0
1451286000.0
1451890800.0
1449385200.0
1444374000.0
1446361200.0
1454310000.0
1435474800.0
1435474800.0
1436857200.0
1437375600.0
1439967600.0
1433833200.0
1448002800.0
1445410800.0
1457679600.0
1438758000.0
1433833200.0
1453964400.0
1443855600.0
1438239600.0
1450594800.0
1451631600.0
1433919600.0
1435820400.0
1452495600.0
1451804400.0
1437634800.0
1455346800.0
1452754800.0
1451890800.0
1457679600.0
1456556400.0
1448694000.0
1433833200.0
1457679600.0
1451890800.0
1448348400.0
1445324400.0
1439276400.0
1451631600.0
1452754800.0
1453446000.0
1454310000.0
1433833200.0
1435474800.0
1451113200.0
1445238000.0
1440399600.0
1440399600.0
1456383600.0
1457766000.0
1451199600.0
1445324400.0
1457247600.0
1451199600.0
1450076400.0
1439794800.0
1432796400.0
1444546800.0
1445410800.0
1444546800.0
1444546800.0
1434524400.0
1451631600.0
1432710000.0
1441695600.0
1451545200.0
1429686000.0
1451199600.0
1450076400.0
1450422000.0
1450681200.0
1444806000.0
1449126000.0
1451631600.0
1452495600.0
1441868400.0
1452668400.0
1450162800.0
1438153200.0
1456297200.0
1445842800.0
1433833200.0
1435474800.0
1441954800.0
1453618800.0
1441954800.0
1453618800.0
1449730800.0
1451890800.0
1437202800.0
1444633200.0
1434006000.0
1449730800.0
1433919600.0
1448262000.0
1433401200.0
1435129200.0
1451631600.0
1444806000.0
1445324400.0
1435215600.0
1434092400.0
1441954800.0
1434610800.0
1453964400.0
1434351600.0
1454569200.0
1440054000.0
1433746800.0
1451631600.0
1451631600.0
1443942000.0
1443942000.0
1451631600.0
1434006000.0
1441004400.0
1451631600.0
1451631600.0
1451804400.0
1455692400.0
1455951600.0
1452754800.0
1433142000.0
1435474800.0
1437894000.0
1439103600.0
1455951600.0
1429772400.0
1451631600.0
1433142000.0
1449298800.0
1446102000.0
1449298800.0
1450422000.0
1452150000.0
1430290800.0
1451631600.0
1449990000.0
1449990000.0
1433746800.0
1448262000.0
1451631600.0
1451631600.0
1430290800.0
1441954800.0
1433746800.0
1449990000.0
1433487600.0
1437634800.0
1450422000.0
1449298800.0
1433746800.0
1450422000.0
1428822000.0
1451631600.0
1451631600.0
1437894000.0
1435129200.0
1430290800.0
1484118000.0
1433228400.0
1479106800.0
1455951600.0
1438758000.0
1433746800.0
1433746800.0
1433833200.0
1434438000.0
1450422000.0
1433142000.0
1429858800.0
1433833200.0
1455951600.0
1456038000.0
1434006000.0
1429858800.0
1429858800.0
1429858800.0
1429858800.0
1430118000.0
1430118000.0
1481180400.0
1450422000.0
1433833200.0
1433746800.0
1429513200.0
1431327600.0
1431327600.0
1431327600.0
1434697200.0
1433833200.0
1484463600.0
1484463600.0
1430290800.0
1430636400.0
1430290800.0
1430290800.0
1430290800.0
1430290800.0
1431327600.0
1434006000.0
1484463600.0
1430290800.0
1434697200.0
1433228400.0
1484118000.0
1431154800.0
1430290800.0
1430290800.0
1451631600.0
1432364400.0
1431673200.0
1431673200.0
1431327600.0
1431586800.0
1433746800.0
1430290800.0
1430290800.0
1431154800.0
1429945200.0
1440745200.0
1434870000.0
1482908400.0
1433919600.0
1429945200.0
1434697200.0
1429513200.0
1429858800.0
1429858800.0
1479106800.0
1429858800.0
1434006000.0
1434006000.0
1434006000.0
1434006000.0
1431154800.0
1430290800.0
1434697200.0
1434697200.0
1434697200.0
1433833200.0
1429858800.0
1433228400.0
1430290800.0
1457679600.0
1430031600.0
1430031600.0
1445670000.0
1428822000.0
1430636400.0
1430290800.0
1431241200.0
1433746800.0
1433746800.0
1433833200.0
1434006000.0
1434006000.0
1434006000.0
1432710000.0
1429858800.0
1429858800.0
1430118000.0
1430118000.0
1429945200.0
1433228400.0
1429858800.0
1429945200.0
1430118000.0
1434006000.0
1434006000.0
1430550000.0
1433746800.0
1433746800.0
1433833200.0
1435474800.0
1429945200.0
1481180400.0
1430290800.0
1430290800.0
1430290800.0
1429858800.0
1429858800.0
1430118000.0
1431154800.0
1430290800.0
1430290800.0
1430290800.0
1430290800.0
1481180400.0
1429945200.0
1429945200.0
1433833200.0
1433833200.0
1433833200.0
1433833200.0
1431327600.0
1431327600.0
1430290800.0
1430290800.0
1433833200.0
1431586800.0
1434697200.0
1433919600.0
1434006000.0
1430118000.0
1430118000.0
1439103600.0
1429858800.0
1433228400.0
1482908400.0
1482908400.0
1429858800.0
1433833200.0
1434697200.0
1428822000.0
1433919600.0
1434697200.0
1431327600.0
1434870000.0
1429858800.0
1433833200.0
1481180400.0
1430290800.0
1430636400.0
1443942000.0
1431673200.0
1431586800.0
1431241200.0
1434006000.0
1449385200.0
1434006000.0
1433228400.0
1439103600.0
1457679600.0
1433228400.0
1428822000.0
1433228400.0
1433228400.0
1434870000.0
1433228400.0
1429858800.0
1429945200.0
1434092400.0
1429858800.0
1455951600.0
1457247600.0
1484118000.0
1433228400.0
1433228400.0
1482908400.0
1433919600.0
1450594800.0
1433142000.0
1429599600.0
1436079600.0
1433228400.0
1433228400.0
1433228400.0
1450681200.0
1433919600.0
1433919600.0
1433833200.0
1439103600.0
1434006000.0
1429858800.0
1431327600.0
1433746800.0
1430290800.0
1430290800.0
1430636400.0
1430118000.0
1454396400.0
1432105200.0
1429858800.0
1434006000.0
1450594800.0
1433487600.0
1450594800.0
1433919600.0
1450594800.0
1434006000.0
1434697200.0
1431241200.0
1434006000.0
1433833200.0
1484463600.0
1434006000.0
1434006000.0
1455951600.0
1431241200.0
1431241200.0
1431327600.0
1432364400.0
1433746800.0
1433833200.0
1429945200.0
1430290800.0
1430290800.0
1431154800.0
1430290800.0
1435993200.0
1433228400.0
1433833200.0
1433228400.0
1433228400.0
1439103600.0
1445410800.0
1433142000.0
1433228400.0
1434006000.0
1429858800.0
1451372400.0
1430118000.0
1429858800.0
1429858800.0
1429858800.0
1434006000.0
1430636400.0
1430290800.0
1430031600.0
1429945200.0
1429945200.0
1433833200.0
1433746800.0
1431327600.0
1450594800.0
1434697200.0
1479106800.0
1433228400.0
1433228400.0
1484118000.0
1429858800.0
1429858800.0
1430118000.0
1430118000.0
1434438000.0
1431327600.0
1454828400.0
1433746800.0
1433833200.0
1434697200.0
1429945200.0
1433919600.0
1434006000.0
1433919600.0
1434006000.0
1433919600.0
1481180400.0
1479106800.0
1455951600.0
1450594800.0
1431673200.0
1433746800.0
1429945200.0
1430290800.0
1456038000.0
1429858800.0
1436079600.0
1451631600.0
1430290800.0
1444633200.0
1429945200.0
1429945200.0
1434006000.0
1433833200.0
1433833200.0
1431327600.0
1431327600.0
1434438000.0
1429945200.0
1434438000.0
1431327600.0
1430290800.0
1450594800.0
1429945200.0
1429945200.0
1429945200.0
1433833200.0
1451631600.0
1430290800.0
1429945200.0
1433746800.0
1433142000.0
1429858800.0
1434438000.0
1439103600.0
1433142000.0
1432450800.0
1433919600.0
1433228400.0
1433228400.0
1430290800.0
1481180400.0
1433746800.0
1433746800.0
1431673200.0
1431673200.0
1450594800.0
1430290800.0
1430290800.0
1429945200.0
1434697200.0
1433228400.0
1431586800.0
1431327600.0
1430290800.0
1450594800.0
1429945200.0
1433746800.0
1433833200.0
1429945200.0
1431673200.0
1430031600.0
1432105200.0
1450594800.0
1482908400.0
1433833200.0
1450594800.0
1450594800.0
1434006000.0
1430118000.0
1468652400.0
1450594800.0
1484463600.0
1434006000.0
1428822000.0
1430550000.0
1430550000.0
1431241200.0
1434006000.0
1433833200.0
1433833200.0
1430550000.0
1451631600.0
1429858800.0
1429513200.0
1434006000.0
1459494000.0
1431241200.0
1434006000.0
1434006000.0
1451631600.0
1433833200.0
1484463600.0
1434006000.0
1450594800.0
1444546800.0
1450594800.0
1431673200.0
1430550000.0
1450594800.0
1429858800.0
1450594800.0
1428822000.0
1456383600.0
1434870000.0
1459494000.0
1450594800.0
1431241200.0
1456556400.0
1431241200.0
1429858800.0
1429858800.0
1430118000.0
1434006000.0
1484463600.0
1430550000.0
1431241200.0
1459494000.0
1429858800.0
1431154800.0
1482908400.0
1434870000.0
1433833200.0
1430550000.0
1451631600.0
1451631600.0
1429858800.0
1429858800.0
1430550000.0
1484463600.0
1433833200.0
1451631600.0
1430118000.0
1484463600.0
1433833200.0
1482908400.0
1482908400.0
1434006000.0
1429858800.0
1430290800.0
1482908400.0
1434006000.0
1434006000.0
1457938800.0
1482908400.0
1429858800.0
1431154800.0
1429858800.0
1430118000.0
1430118000.0
1444546800.0
1433833200.0
1431673200.0
1456556400.0
1434006000.0
1434006000.0
1434006000.0
1433833200.0
1433833200.0
1430636400.0
1429599600.0
1482908400.0
1482908400.0
1428822000.0
1428822000.0
1482908400.0
1450422000.0
1482908400.0
1450422000.0
1450422000.0
1456556400.0
1450422000.0
1428822000.0
1428822000.0
1428822000.0
1428822000.0
1428822000.0
1428822000.0
1430290800.0
1433487600.0
1429167600.0
1450422000.0
1430290800.0
1450422000.0
1429945200.0
1429945200.0
1428822000.0
1428822000.0
1434524400.0
1428822000.0
1429945200.0
1429945200.0
1429945200.0
1430290800.0
1434697200.0
1434697200.0
1450422000.0
1450422000.0
1428822000.0
1428822000.0
1450422000.0
1428822000.0
1428822000.0
1428822000.0
1482908400.0
1450422000.0
1450422000.0
1428822000.0
1428822000.0
1440831600.0
1450422000.0
1450422000.0
1450422000.0
1428822000.0
1428822000.0
1450422000.0
1450422000.0
1434697200.0
1450422000.0
1434438000.0
1430290800.0
1430290800.0
1429945200.0
1430290800.0
1483945200.0
