1432018800.0
1446793200.0
1448521200.0
1448866800.0
1476428400.0
1448866800.0
1395298800.0
1399618800.0
1395298800.0
1475737200.0
1434524400.0
1465196400.0
1461308400.0
1457161200.0
1392706800.0
1475737200.0
1475737200.0
1446706800.0
1459580400.0
1468998000.0
1456038000.0
1465887600.0
1474527600.0
1392447600.0
1448348400.0
1430895600.0
1454569200.0
1452322800.0
1431414000.0
1477378800.0
1459321200.0
1433314800.0
1465542000.0
1433314800.0
1460530800.0
1456902000.0
1455692400.0
1472108400.0
1446706800.0
1437721200.0
1429254000.0
1452322800.0
1448521200.0
1468134000.0
1392447600.0
1429081200.0
1446879600.0
1429081200.0
1442127600.0
1454828400.0
1429772400.0
1395212400.0
1464073200.0
1446966000.0
1472540400.0
1475823600.0
1423378800.0
1447311600.0
1465974000.0
1446706800.0
1447398000.0
1476946800.0
1475650800.0
1473404400.0
1463727600.0
1476514800.0
1432710000.0
1436338800.0
1432796400.0
1430895600.0
1446102000.0
1453532400.0
1467356400.0
1455087600.0
1429340400.0
1448089200.0
1448089200.0
1440745200.0
1467961200.0
1475564400.0
1410764400.0
1467788400.0
1442386800.0
1463727600.0
1447398000.0
1431414000.0
1429254000.0
1404975600.0
1393225200.0
1428908400.0
1429945200.0
1475218800.0
1448866800.0
1443423600.0
1441090800.0
1448866800.0
1427958000.0
1453791600.0
1449212400.0
1442127600.0
1474354800.0
1474095600.0
1457852400.0
1431068400.0
1431068400.0
1442818800.0
1429599600.0
1474268400.0
1471158000.0
1474268400.0
1460876400.0
1458802800.0
1449212400.0
1472108400.0
1448607600.0
1445670000.0
1395298800.0
1466838000.0
1472022000.0
1429254000.0
1447311600.0
1447138800.0
1404284400.0
1474354800.0
1432710000.0
1390028400.0
1472540400.0
1457161200.0
1472626800.0
1476687600.0
1476774000.0
1433314800.0
1393311600.0
1466665200.0
1475478000.0
1437894000.0
1466751600.0
1455001200.0
1477983600.0
1448089200.0
1447398000.0
1460271600.0
1459321200.0
1463295600.0
1475478000.0
1447311600.0
1438153200.0
1429254000.0
1448866800.0
1447398000.0
1392620400.0
1393225200.0
1446966000.0
1475046000.0
1442214000.0
1452322800.0
1458975600.0
1458543600.0
1446706800.0
1406358000.0
1458889200.0
1401001200.0
1473663600.0
1443337200.0
1429340400.0
1471503600.0
1465887600.0
1393052400.0
1437807600.0
1395298800.0
1442041200.0
1442041200.0
1406703600.0
1410591600.0
1459148400.0
1428303600.0
1475132400.0
1465542000.0
1465801200.0
1472281200.0
1444201200.0
1461394800.0
1429340400.0
1442732400.0
1472281200.0
1475132400.0
1477897200.0
1471158000.0
1468998000.0
1460876400.0
1398150000.0
1406444400.0
1472194800.0
1465542000.0
1460876400.0
1432450800.0
1459407600.0
1406876400.0
1471762800.0
1457506800.0
1447311600.0
1428735600.0
1460876400.0
1465714800.0
1455606000.0
1392706800.0
1465369200.0
1472540400.0
1429340400.0
1440658800.0
1476428400.0
1441090800.0
1465801200.0
1465801200.0
1417503600.0
1447138800.0
1401001200.0
1401001200.0
1475478000.0
1475132400.0
1396508400.0
1434092400.0
1477897200.0
1461308400.0
1431846000.0
1448089200.0
1431068400.0
1453273200.0
1473663600.0
1406530800.0
1476774000.0
1431068400.0
1432796400.0
1442041200.0
1427958000.0
1437202800.0
1393138800.0
1446706800.0
1471676400.0
1465887600.0
1406098800.0
1399532400.0
1466665200.0
1428044400.0
1468047600.0
1431327600.0
1442127600.0
1392620400.0
1441609200.0
1429945200.0
1459321200.0
1465887600.0
1446102000.0
1429686000.0
1437634800.0
1465887600.0
1466060400.0
1430982000.0
1433314800.0
1431327600.0
1432450800.0
1438066800.0
1424934000.0
1475132400.0
1474268400.0
1430895600.0
1426316400.0
1458457200.0
1472626800.0
1431068400.0
1477897200.0
1421046000.0
1417503600.0
1396681200.0
1464159600.0
1456902000.0
1453186800.0
1461394800.0
1446966000.0
1448607600.0
1448866800.0
1475650800.0
1448089200.0
1429858800.0
1447311600.0
1433314800.0
1454914800.0
1463727600.0
1474527600.0
1475132400.0
1475305200.0
1431846000.0
1429340400.0
1437894000.0
1467010800.0
1453273200.0
1431241200.0
1476687600.0
1475046000.0
1465887600.0
1424934000.0
1395212400.0
1476774000.0
1465801200.0
1445842800.0
1431414000.0
1441695600.0
1437807600.0
1439535600.0
1423378800.0
1454828400.0
1465023600.0
1464850800.0
1436511600.0
1446966000.0
1447052400.0
1447138800.0
1443337200.0
1458370800.0
1447052400.0
1472540400.0
1473922800.0
1447311600.0
1392966000.0
1440572400.0
1472626800.0
1472799600.0
1433314800.0
1446102000.0
1472540400.0
1464850800.0
1427785200.0
1477983600.0
1396249200.0
1430895600.0
1455174000.0
1397977200.0
1392620400.0
1446966000.0
1441090800.0
1474268400.0
1396076400.0
1464937200.0
1431068400.0
1441004400.0
1446102000.0
1429340400.0
1428994800.0
1440745200.0
1393916400.0
1429254000.0
1427958000.0
1474700400.0
1427958000.0
1472626800.0
1396422000.0
1459321200.0
1431846000.0
1425020400.0
1454742000.0
1476428400.0
1448521200.0
1394089200.0
1446793200.0
1447311600.0
1454742000.0
1475478000.0
1441090800.0
1411369200.0
1448953200.0
1446620400.0
1427612400.0
1446102000.0
1469170800.0
1472022000.0
1476946800.0
1448866800.0
1453791600.0
1427439600.0
1425106800.0
1430031600.0
1430290800.0
1394780400.0
1395298800.0
1447484400.0
1475737200.0
1411110000.0
1399532400.0
1475737200.0
1465628400.0
1461481200.0
1451631600.0
1466578800.0
1446793200.0
1440745200.0
1447138800.0
1477810800.0
1459407600.0
1475737200.0
1431759600.0
1473663600.0
1451631600.0
1470034800.0
1406098800.0
1456642800.0
1465369200.0
1447052400.0
1450594800.0
1437807600.0
1450335600.0
1431586800.0
1395212400.0
1431241200.0
1453186800.0
1458889200.0
1411369200.0
1465714800.0
1465801200.0
1464937200.0
1452495600.0
1465628400.0
1476428400.0
1410505200.0
1466838000.0
1446879600.0
1467961200.0
1473663600.0
1459062000.0
1431673200.0
1428390000.0
1448521200.0
1464073200.0
1453100400.0
1434351600.0
1461481200.0
1469430000.0
1465974000.0
1451372400.0
1459321200.0
1455865200.0
1416812400.0
1433314800.0
1447052400.0
1472626800.0
1399532400.0
1450249200.0
1447052400.0
1433314800.0
1417244400.0
1443337200.0
1421132400.0
1430895600.0
1431327600.0
1439535600.0
1475737200.0
1472108400.0
1474268400.0
1472799600.0
1403852400.0
1406098800.0
1410591600.0
1432710000.0
1437894000.0
1459062000.0
1432278000.0
1429340400.0
1432191600.0
1410505200.0
1449212400.0
1406098800.0
1429254000.0
1465801200.0
1465542000.0
1442386800.0
1447398000.0
1475478000.0
1452236400.0
1465801200.0
1465974000.0
1433314800.0
1463727600.0
1446793200.0
1433833200.0
1404198000.0
1427958000.0
1452322800.0
1475218800.0
1448348400.0
1473750000.0
1471503600.0
1445583600.0
1473663600.0
1438585200.0
1420009200.0
1434870000.0
1429340400.0
1456038000.0
1395644400.0
1432623600.0
1447225200.0
1434351600.0
1428649200.0
1420182000.0
1433919600.0
1448521200.0
1437807600.0
1448434800.0
1440658800.0
1446706800.0
1440658800.0
1431414000.0
1433833200.0
1440572400.0
1447225200.0
1446793200.0
1446879600.0
1433919600.0
1452236400.0
1448262000.0
1452236400.0
1446966000.0
1407394800.0
1412924400.0
1423378800.0
1420268400.0
1452150000.0
1454914800.0
1442214000.0
1437721200.0
1433142000.0
1447657200.0
1402729200.0
1431241200.0
1428562800.0
1429254000.0
1462345200.0
1434610800.0
1451890800.0
1420095600.0
1432278000.0
1400914800.0
1443682800.0
1392620400.0
1427439600.0
1443855600.0
1452495600.0
1436598000.0
1392447600.0
1409641200.0
1431759600.0
1452236400.0
1446793200.0
1425798000.0
1431327600.0
1434956400.0
1433660400.0
1431846000.0
1446966000.0
1446966000.0
1452236400.0
1433401200.0
1452495600.0
1445842800.0
1447398000.0
1446793200.0
1456038000.0
1429599600.0
1442127600.0
1436598000.0
1452150000.0
1442991600.0
1441350000.0
1434351600.0
1450681200.0
1395817200.0
1393052400.0
1423119600.0
1393484400.0
1402729200.0
1433401200.0
1436857200.0
1431846000.0
1407740400.0
1429945200.0
1431241200.0
1408604400.0
1447225200.0
1444806000.0
1437894000.0
1440745200.0
1401001200.0
1475132400.0
1435302000.0
1420182000.0
1451890800.0
1431327600.0
1420095600.0
1429772400.0
1447311600.0
1429686000.0
1398582000.0
1433401200.0
1406098800.0
1433055600.0
1402988400.0
1429254000.0
1446966000.0
1437807600.0
1432191600.0
1452495600.0
1435647600.0
1393138800.0
1398668400.0
1451977200.0
1433919600.0
1433833200.0
1446793200.0
1427785200.0
1447398000.0
1407308400.0
1446620400.0
1406530800.0
1401346800.0
1433833200.0
1393052400.0
1428044400.0
1433401200.0
1448089200.0
1452150000.0
1445756400.0
1437807600.0
1452150000.0
1437202800.0
1432623600.0
1446966000.0
1443337200.0
1437202800.0
1441522800.0
1434524400.0
1442041200.0
1444719600.0
1448262000.0
1451631600.0
1420095600.0
1437202800.0
1437202800.0
1443078000.0
1420614000.0
1446793200.0
1436598000.0
1436770800.0
1420614000.0
1429081200.0
1441004400.0
1446793200.0
1447052400.0
1447138800.0
1453791600.0
1437894000.0
1441436400.0
1444201200.0
1446793200.0
1455606000.0
1442041200.0
1437634800.0
1454569200.0
1452236400.0
1392620400.0
1413788400.0
1448002800.0
1453273200.0
1452236400.0
1456383600.0
1432191600.0
1454396400.0
1452495600.0
1435561200.0
1447657200.0
1447398000.0
1446879600.0
1441263600.0
1393225200.0
1398582000.0
1448866800.0
1392447600.0
1416985200.0
1453446000.0
1453100400.0
1442559600.0
1396422000.0
1434438000.0
1434870000.0
1454569200.0
1449212400.0
1442646000.0
1392361200.0
1432450800.0
1446706800.0
1427353200.0
1433401200.0
1453705200.0
1456383600.0
1433660400.0
1427439600.0
1447916400.0
1432796400.0
1428735600.0
1446879600.0
1447052400.0
1453705200.0
1453186800.0
1446015600.0
1449558000.0
1455606000.0
1420182000.0
1434351600.0
1432537200.0
1416985200.0
1432018800.0
1447138800.0
1455606000.0
1427698800.0
1433487600.0
1455606000.0
1429254000.0
1456470000.0
1440572400.0
1402297200.0
1431846000.0
1446188400.0
1452409200.0
1432623600.0
1432537200.0
1432537200.0
1416812400.0
1452322800.0
1430895600.0
1435734000.0
1433833200.0
1393311600.0
1402210800.0
1433314800.0
1433228400.0
1448002800.0
1433919600.0
1425106800.0
1401346800.0
1432278000.0
1446966000.0
1448607600.0
1455433200.0
1393916400.0
1448866800.0
1434438000.0
1440658800.0
1432969200.0
1448089200.0
1448089200.0
1446879600.0
1427958000.0
1452927600.0
1400914800.0
1454569200.0
1434438000.0
1434438000.0
1452236400.0
1392447600.0
1428390000.0
1431500400.0
1447225200.0
1432537200.0
1448953200.0
1435993200.0
1452322800.0
1441350000.0
1453705200.0
1432537200.0
1430982000.0
1451545200.0
1448521200.0
1448002800.0
1453100400.0
1433833200.0
1393052400.0
1429254000.0
1436598000.0
1428822000.0
1441436400.0
1407394800.0
1446706800.0
1436598000.0
1450249200.0
1432018800.0
1392966000.0
1402556400.0
1399618800.0
1423206000.0
1445324400.0
1433746800.0
1433401200.0
1446793200.0
1452236400.0
1447225200.0
1447138800.0
1427353200.0
1434697200.0
1429858800.0
1432969200.0
1428390000.0
1452582000.0
1435561200.0
1444546800.0
1428562800.0
1432364400.0
1437807600.0
1443769200.0
1441609200.0
1440572400.0
1393484400.0
1457679600.0
1454828400.0
1437289200.0
1432537200.0
1440658800.0
1402297200.0
1433314800.0
1456210800.0
1436511600.0
1442818800.0
1433919600.0
1406098800.0
1449730800.0
1432796400.0
1451631600.0
1451545200.0
1441522800.0
1453100400.0
1427958000.0
1427958000.0
1441350000.0
1441177200.0
1404284400.0
1404370800.0
1401087600.0
1433314800.0
1433314800.0
1395644400.0
1421305200.0
1449903600.0
1446793200.0
1447398000.0
1408518000.0
1429599600.0
1452236400.0
1432623600.0
1433401200.0
1429340400.0
1453705200.0
1433142000.0
1434610800.0
1392706800.0
1428562800.0
1399878000.0
1440745200.0
1437289200.0
1429340400.0
1432018800.0
1440572400.0
1441263600.0
1433314800.0
1453878000.0
1392447600.0
1433401200.0
1451890800.0
1437634800.0
1424934000.0
1401778800.0
1448089200.0
1432623600.0
1448089200.0
1456038000.0
1456383600.0
1446706800.0
1445756400.0
1436338800.0
1442386800.0
1432278000.0
1401087600.0
1437289200.0
1432969200.0
1423206000.0
1446706800.0
1407740400.0
1448348400.0
1447311600.0
1452927600.0
1394780400.0
1432537200.0
1450335600.0
1452582000.0
1437202800.0
1450422000.0
1393052400.0
1431673200.0
1428390000.0
1404284400.0
1447052400.0
1447225200.0
1427439600.0
1396076400.0
1425193200.0
1448866800.0
1428130800.0
1427439600.0
1428562800.0
1449817200.0
1443337200.0
1432623600.0
1433833200.0
1443337200.0
1433487600.0
1446793200.0
1425106800.0
1395903600.0
1395644400.0
1454914800.0
1433228400.0
1401778800.0
1402729200.0
1399532400.0
1451804400.0
1432364400.0
1445583600.0
1433833200.0
1447570800.0
1449644400.0
1453791600.0
1428649200.0
1425020400.0
1459407600.0
1433833200.0
1456815600.0
1393484400.0
1476860400.0
1458716400.0
1446793200.0
1423292400.0
1454742000.0
1438326000.0
1430895600.0
1434178800.0
1422255600.0
1448089200.0
1452495600.0
1446879600.0
1445842800.0
1458370800.0
1458370800.0
1455951600.0
1395298800.0
1434956400.0
1433746800.0
1433055600.0
1433833200.0
1422255600.0
1437202800.0
1401174000.0
1454396400.0
1446274800.0
1442127600.0
1457593200.0
1448953200.0
1431414000.0
1458198000.0
1413010800.0
1412838000.0
1452063600.0
1399618800.0
1453359600.0
1458630000.0
1447916400.0
1432537200.0
1457247600.0
1428562800.0
1455001200.0
1432537200.0
1434092400.0
1448521200.0
1446706800.0
1476860400.0
1417503600.0
1430031600.0
1390028400.0
1459234800.0
1458716400.0
1433660400.0
1407913200.0
1392361200.0
1427353200.0
1459926000.0
1433401200.0
1452754800.0
1458716400.0
1456815600.0
1433660400.0
1449817200.0
1449817200.0
1447398000.0
1456902000.0
1427958000.0
1448607600.0
1437116400.0
1429340400.0
1455001200.0
1392706800.0
1457247600.0
1458630000.0
1458716400.0
1458716400.0
1450422000.0
1447225200.0
1447225200.0
1427353200.0
1458543600.0
1456815600.0
1456729200.0
1456470000.0
1428303600.0
1458630000.0
1450681200.0
1432191600.0
1457420400.0
1427439600.0
1450422000.0
1448866800.0
1398409200.0
1398495600.0
1446620400.0
1393398000.0
1449730800.0
1449730800.0
1434438000.0
1395212400.0
1434351600.0
1421391600.0
1442386800.0
1450767600.0
1435215600.0
1433746800.0
1432450800.0
1455865200.0
1432969200.0
1457161200.0
1420009200.0
1450249200.0
1450767600.0
1459926000.0
1456470000.0
1456815600.0
1401346800.0
1454396400.0
1400914800.0
1432364400.0
1430290800.0
1450594800.0
1433401200.0
1433401200.0
1433401200.0
1434006000.0
1433574000.0
1434870000.0
1456038000.0
1432278000.0
1409727600.0
1433919600.0
1423378800.0
1393052400.0
1396508400.0
1443337200.0
1437807600.0
1441263600.0
1449817200.0
1458802800.0
1428562800.0
1397458800.0
1430118000.0
1451804400.0
1458630000.0
1455087600.0
1451977200.0
1431327600.0
1460185200.0
1456815600.0
1451631600.0
1457420400.0
1460012400.0
1432623600.0
1457420400.0
1444806000.0
1449212400.0
1448521200.0
1452236400.0
1452236400.0
1447311600.0
1453359600.0
1404284400.0
1401087600.0
1437202800.0
1456902000.0
1456038000.0
1452841200.0
1446793200.0
1420182000.0
1447311600.0
1433833200.0
1432710000.0
1456729200.0
1459234800.0
1437289200.0
1457766000.0
1393311600.0
1394089200.0
1457420400.0
1453532400.0
1413442800.0
1428562800.0
1456383600.0
1429254000.0
1408604400.0
1433833200.0
1393052400.0
1434524400.0
1458025200.0
1455951600.0
1456038000.0
1437116400.0
1451890800.0
1429945200.0
1446793200.0
1458284400.0
1448262000.0
1435647600.0
1455087600.0
1395298800.0
1432537200.0
1441177200.0
1434524400.0
1456383600.0
1434783600.0
1432450800.0
1432450800.0
1392620400.0
1432710000.0
1428130800.0
1451890800.0
1401001200.0
1431759600.0
1458716400.0
1437894000.0
1459407600.0
1458370800.0
1393311600.0
1393138800.0
1428562800.0
1458802800.0
1453705200.0
1447311600.0
1398236400.0
1438066800.0
1430895600.0
1458025200.0
1409468400.0
1455865200.0
1446966000.0
1432710000.0
1433833200.0
1447225200.0
1433833200.0
1444287600.0
1428562800.0
1456902000.0
1417244400.0
1445583600.0
1401001200.0
1432018800.0
1429340400.0
1459580400.0
1433314800.0
1433833200.0
1447398000.0
1450508400.0
1458025200.0
1420182000.0
1458370800.0
1456383600.0
1398409200.0
1421305200.0
1423292400.0
1446361200.0
1441263600.0
1458802800.0
1456038000.0
1452927600.0
1401346800.0
1450854000.0
1458543600.0
1457247600.0
1453532400.0
1448089200.0
1444806000.0
1427698800.0
1429599600.0
1452841200.0
1398668400.0
1437721200.0
1455001200.0
1434870000.0
1455865200.0
1428735600.0
1447311600.0
1438066800.0
1402988400.0
1458802800.0
1445842800.0
1428649200.0
1420009200.0
1447398000.0
1420268400.0
1452236400.0
1393484400.0
1447398000.0
1392361200.0
1434524400.0
1458370800.0
1447052400.0
1447052400.0
1432623600.0
1402988400.0
1434783600.0
1456815600.0
1455606000.0
1451890800.0
1407394800.0
1458630000.0
1459580400.0
1446793200.0
1459407600.0
1401087600.0
1437807600.0
1433055600.0
1427958000.0
1434956400.0
1431846000.0
1407394800.0
1407308400.0
1437807600.0
1433919600.0
1443510000.0
1429167600.0
1458630000.0
1458716400.0
1457074800.0
1446447600.0
1433401200.0
1392361200.0
1452322800.0
1401174000.0
1413010800.0
1444287600.0
1447311600.0
1450335600.0
1420182000.0
1458716400.0
1453100400.0
1398668400.0
1407740400.0
1451890800.0
1446879600.0
1433142000.0
1458630000.0
1452236400.0
1422255600.0
1452236400.0
1431846000.0
1432537200.0
1443423600.0
1448866800.0
1459148400.0
1393052400.0
1452236400.0
1458716400.0
1459839600.0
1441177200.0
1456383600.0
1429167600.0
1452927600.0
1432537200.0
1452236400.0
1446706800.0
1452322800.0
1476774000.0
1393311600.0
1433833200.0
1394780400.0
1429599600.0
1426230000.0
1454569200.0
1392361200.0
1432018800.0
1454396400.0
1421564400.0
1408604400.0
1403074800.0
1452927600.0
1432450800.0
1449817200.0
1449644400.0
1450422000.0
1447138800.0
1393138800.0
1407394800.0
1456902000.0
1447570800.0
1419058800.0
1416812400.0
1420614000.0
1429858800.0
1451545200.0
1447225200.0
1398668400.0
1443078000.0
1412924400.0
1447916400.0
1428562800.0
1407740400.0
1428303600.0
1432969200.0
1420182000.0
1450335600.0
1446966000.0
1458802800.0
1443078000.0
1454223600.0
1432018800.0
1448521200.0
1451804400.0
1443510000.0
1438066800.0
1432969200.0
1457334000.0
1452236400.0
1454396400.0
1431327600.0
1392966000.0
1452409200.0
1434351600.0
1446706800.0
1446966000.0
1433401200.0
1425798000.0
1446015600.0
1427439600.0
1420095600.0
1432710000.0
1457074800.0
1456383600.0
1448002800.0
1443682800.0
1454569200.0
1432623600.0
1446620400.0
1453100400.0
1433833200.0
1447138800.0
1447052400.0
1432796400.0
1433228400.0
1431414000.0
1457074800.0
1456383600.0
1393311600.0
1452063600.0
1458716400.0
1459407600.0
1429254000.0
1432537200.0
1452236400.0
1432796400.0
1453791600.0
1449644400.0
1393138800.0
1433401200.0
1420182000.0
1448262000.0
1433401200.0
1406790000.0
1449644400.0
1424934000.0
1446706800.0
1407394800.0
1448521200.0
1432018800.0
1450335600.0
1450681200.0
1451977200.0
1393484400.0
1450422000.0
1399532400.0
1393311600.0
1427958000.0
1432537200.0
1448262000.0
1403074800.0
1448089200.0
1434956400.0
1428562800.0
1434438000.0
1443337200.0
1435734000.0
1452236400.0
1429945200.0
1427439600.0
1448089200.0
1429340400.0
1427353200.0
1450249200.0
1428562800.0
1445756400.0
1429599600.0
1444806000.0
1431068400.0
1407740400.0
1447311600.0
1441090800.0
1441350000.0
1432710000.0
1432969200.0
1445842800.0
1393052400.0
1393052400.0
1428390000.0
1448089200.0
1447225200.0
1447225200.0
1433833200.0
1451890800.0
1447052400.0
1434870000.0
1454742000.0
1392620400.0
1447138800.0
1446966000.0
1401087600.0
1398668400.0
1434870000.0
1429167600.0
1456038000.0
1448002800.0
1432623600.0
1452409200.0
1434697200.0
1428649200.0
1421305200.0
1430895600.0
1423292400.0
1393052400.0
1398409200.0
1428562800.0
1420182000.0
1437807600.0
1447311600.0
1445842800.0
1401346800.0
1428390000.0
1406098800.0
1433833200.0
1454914800.0
1449730800.0
1433142000.0
1401346800.0
1401778800.0
1392966000.0
1428562800.0
1446015600.0
1453359600.0
1445842800.0
1433401200.0
1446015600.0
1445756400.0
1447398000.0
1393311600.0
1447311600.0
1453186800.0
1447138800.0
1448262000.0
1443510000.0
1428649200.0
1424156400.0
1454655600.0
1446793200.0
1429599600.0
1455606000.0
1427698800.0
1446793200.0
1437634800.0
1441695600.0
1392447600.0
1401001200.0
1435647600.0
1452409200.0
1393225200.0
1398668400.0
1442041200.0
1452841200.0
1394089200.0
1447225200.0
1446793200.0
1395644400.0
1447311600.0
1435561200.0
1447138800.0
1412838000.0
1406790000.0
1432191600.0
1433401200.0
1402297200.0
1395298800.0
1433142000.0
1420614000.0
1438498800.0
1441436400.0
1452236400.0
1446706800.0
1421305200.0
1447225200.0
1449558000.0
1433746800.0
1454396400.0
1433660400.0
1433401200.0
1397718000.0
1428562800.0
1441004400.0
1399532400.0
1452495600.0
1433314800.0
1438066800.0
1433919600.0
1453878000.0
1435042800.0
1446879600.0
1448866800.0
1438412400.0
1446706800.0
1437894000.0
1452841200.0
1447916400.0
1398236400.0
1432623600.0
1433401200.0
1433574000.0
1445324400.0
1432364400.0
1396076400.0
1393484400.0
1453705200.0
1428562800.0
1426230000.0
1447225200.0
1431846000.0
1453014000.0
1437202800.0
1452322800.0
1433055600.0
1401260400.0
1446620400.0
1417503600.0
1453705200.0
1455606000.0
1452322800.0
1446015600.0
1429254000.0
1406098800.0
1432537200.0
1453446000.0
1436598000.0
1392966000.0
1453446000.0
1446793200.0
1452495600.0
1453186800.0
1407740400.0
1428562800.0
1451890800.0
1428562800.0
1420614000.0
1448866800.0
1443769200.0
1429254000.0
1447398000.0
1437807600.0
1460876400.0
1417244400.0
1427698800.0
1429340400.0
1428562800.0
1437807600.0
1431414000.0
1447398000.0
1447138800.0
1474268400.0
1432537200.0
1448953200.0
1437721200.0
1428735600.0
1437289200.0
1427958000.0
1422255600.0
1445842800.0
1392447600.0
1475737200.0
1442991600.0
1449817200.0
1404284400.0
1398668400.0
1432537200.0
1428649200.0
1392966000.0
1441090800.0
1442559600.0
1407740400.0
1433919600.0
1445756400.0
1443337200.0
1441004400.0
1429254000.0
1434870000.0
1399532400.0
1416985200.0
1452236400.0
1428562800.0
1452236400.0
1446706800.0
1444201200.0
1419058800.0
1397977200.0
1423378800.0
1446620400.0
1455433200.0
1437462000.0
1402297200.0
1401346800.0
1432969200.0
1447916400.0
1432537200.0
1401346800.0
1451804400.0
1445842800.0
1416985200.0
1430982000.0
1450249200.0
1450594800.0
1407740400.0
1432364400.0
1401778800.0
1440658800.0
1447311600.0
1452322800.0
1447052400.0
1447138800.0
1452495600.0
1431241200.0
1443337200.0
1452236400.0
1401087600.0
1433919600.0
1437807600.0
1446361200.0
1450767600.0
1421305200.0
1433919600.0
1428562800.0
1413442800.0
1399532400.0
1432623600.0
1401260400.0
1428390000.0
1447916400.0
1445756400.0
1435647600.0
1427439600.0
1446015600.0
1440572400.0
1450335600.0
1393311600.0
1428649200.0
1452236400.0
1440054000.0
1432191600.0
1429599600.0
1451977200.0
1441436400.0
1443423600.0
1413788400.0
1432623600.0
1421564400.0
1447225200.0
1398582000.0
1449644400.0
1428562800.0
1447398000.0
1452322800.0
1447570800.0
1445842800.0
1441090800.0
1450422000.0
1450422000.0
1429858800.0
1402210800.0
1398495600.0
1393138800.0
1433401200.0
1423119600.0
1433401200.0
1432796400.0
1433401200.0
1395212400.0
1433401200.0
1449817200.0
1447916400.0
1394780400.0
1434351600.0
1409641200.0
1392620400.0
1392620400.0
1395212400.0
1393311600.0
1429167600.0
1438844400.0
1441350000.0
1433055600.0
1404370800.0
1400914800.0
1440572400.0
1448262000.0
1446620400.0
1402729200.0
1432018800.0
1451977200.0
1443596400.0
1434438000.0
1433314800.0
1404370800.0
1427958000.0
1452841200.0
1455692400.0
1421305200.0
1446879600.0
1432364400.0
1417244400.0
1453618800.0
1435561200.0
1428735600.0
1451890800.0
1437807600.0
1428908400.0
1404284400.0
1395903600.0
1447225200.0
1404370800.0
1428303600.0
1449212400.0
1453705200.0
1400914800.0
1432623600.0
1429340400.0
1433833200.0
1412838000.0
1393311600.0
1449730800.0
1444201200.0
1446706800.0
1450422000.0
1432278000.0
1399618800.0
1430982000.0
1402556400.0
1416812400.0
1435215600.0
1428562800.0
1435302000.0
1428562800.0
1437202800.0
1446447600.0
1406098800.0
1402988400.0
1452322800.0
1449298800.0
1428649200.0
1433833200.0
1446793200.0
1446793200.0
1434870000.0
1420614000.0
1443337200.0
1434610800.0
1434006000.0
1394089200.0
1452495600.0
1433487600.0
1451718000.0
1433401200.0
1454828400.0
1434351600.0
1407394800.0
1433401200.0
1450681200.0
1443423600.0
1443682800.0
1393052400.0
1404370800.0
1393311600.0
1456038000.0
1430895600.0
1451458800.0
1420182000.0
1428303600.0
1446966000.0
1444806000.0
1433660400.0
1407913200.0
1389337200.0
1392966000.0
1440572400.0
1423206000.0
1428476400.0
1443337200.0
1448002800.0
1438412400.0
1395212400.0
1395558000.0
1428908400.0
1443337200.0
1408604400.0
1434870000.0
1432450800.0
1452150000.0
1420182000.0
1447311600.0
1454828400.0
1406703600.0
1455606000.0
1424934000.0
1431327600.0
1454569200.0
1433746800.0
1441004400.0
1432018800.0
1433833200.0
1444201200.0
1448434800.0
1427958000.0
1398409200.0
1392620400.0
1447657200.0
1432450800.0
1428390000.0
1453014000.0
1432278000.0
1428303600.0
1398582000.0
1443510000.0
1448262000.0
1443423600.0
1446793200.0
1452236400.0
1393052400.0
1443682800.0
1447052400.0
1434870000.0
1454655600.0
1433833200.0
1455433200.0
1452063600.0
1433401200.0
1454742000.0
1452236400.0
1416812400.0
1441004400.0
1451458800.0
1440572400.0
1433487600.0
1452322800.0
1444028400.0
1448002800.0
1392534000.0
1432450800.0
1448866800.0
1428303600.0
1440054000.0
1432191600.0
1437202800.0
1473750000.0
1433314800.0
1452236400.0
1397286000.0
1442646000.0
1429340400.0
1393052400.0
1449212400.0
1442127600.0
1447052400.0
1447052400.0
1442646000.0
1453705200.0
1454742000.0
1448348400.0
1427439600.0
1395212400.0
1432278000.0
1446793200.0
1441090800.0
1449817200.0
1432278000.0
1453791600.0
1432450800.0
1389337200.0
1427785200.0
1433055600.0
1432710000.0
1443682800.0
1447311600.0
1452841200.0
1452063600.0
1451631600.0
1446966000.0
1432623600.0
1421305200.0
1438844400.0
1403852400.0
1446879600.0
1398668400.0
1428476400.0
1428130800.0
1453100400.0
1451718000.0
1434351600.0
1432018800.0
1429599600.0
1447398000.0
1407394800.0
1440572400.0
1399532400.0
1394694000.0
1432278000.0
1446706800.0
1432537200.0
1433314800.0
1449212400.0
1432537200.0
1449298800.0
1448089200.0
1446966000.0
1433401200.0
1474095600.0
1438498800.0
1443682800.0
1433401200.0
1412838000.0
1427958000.0
1447398000.0
1402297200.0
1447311600.0
1407740400.0
1442732400.0
1428562800.0
1454655600.0
1443510000.0
1453186800.0
1434351600.0
1432450800.0
1448866800.0
1457506800.0
1459148400.0
1398236400.0
1449558000.0
1421391600.0
1424156400.0
1434783600.0
1434610800.0
1432537200.0
1427353200.0
1428390000.0
1446274800.0
1443510000.0
1429945200.0
1431414000.0
1446793200.0
1443423600.0
1433833200.0
1452322800.0
1453705200.0
1453100400.0
1442559600.0
1427785200.0
1442127600.0
1395558000.0
1446966000.0
1447138800.0
1443078000.0
1451631600.0
1440572400.0
1442646000.0
1432278000.0
1454569200.0
1456988400.0
1447225200.0
1395558000.0
1433401200.0
1432623600.0
1432537200.0
1447052400.0
1446966000.0
1447916400.0
1468998000.0
1408518000.0
1431414000.0
1448521200.0
1447052400.0
1395558000.0
1446793200.0
1428562800.0
1453618800.0
1443337200.0
1395558000.0
1466233200.0
1404284400.0
1428303600.0
1443423600.0
1432278000.0
1432710000.0
1429945200.0
1392620400.0
1447138800.0
1398236400.0
1443510000.0
1429945200.0
1447225200.0
1431759600.0
1441436400.0
1404370800.0
1449298800.0
1409641200.0
1404284400.0
1446966000.0
1427353200.0
1446102000.0
1454569200.0
1447398000.0
1452150000.0
1454655600.0
1428390000.0
1446966000.0
1432364400.0
1440054000.0
1438498800.0
1429167600.0
1431759600.0
1441177200.0
1437289200.0
1433401200.0
1455606000.0
1452495600.0
1441177200.0
1441090800.0
1448521200.0
1461740400.0
1395298800.0
1465542000.0
1458889200.0
1446879600.0
1465628400.0
1471503600.0
1464073200.0
1427353200.0
1452495600.0
1432018800.0
1423206000.0
1452841200.0
1428217200.0
1433919600.0
1440572400.0
1445929200.0
1433919600.0
1441522800.0
1424156400.0
1446015600.0
1454828400.0
1447311600.0
1459407600.0
1446879600.0
1395212400.0
1393225200.0
1457506800.0
1461654000.0
1465542000.0
1429081200.0
1432278000.0
1432278000.0
1467961200.0
1438239600.0
1459062000.0
1458543600.0
1467874800.0
1471762800.0
1429254000.0
1440572400.0
1440572400.0
1397458800.0
1431241200.0
1443337200.0
1428130800.0
1434351600.0
1440658800.0
1396076400.0
1392620400.0
1396076400.0
1435647600.0
1447570800.0
1456470000.0
1448866800.0
1448521200.0
1452236400.0
1444806000.0
1433833200.0
1433833200.0
1460185200.0
1465023600.0
1468047600.0
1463295600.0
1423378800.0
1427353200.0
1465369200.0
1442818800.0
1441177200.0
1460876400.0
1472108400.0
1459407600.0
1446793200.0
1463295600.0
1456383600.0
1429945200.0
1434092400.0
1437202800.0
1411110000.0
1427439600.0
1463209200.0
1442386800.0
1457074800.0
1430982000.0
1432537200.0
1457420400.0
1459321200.0
1396508400.0
1397718000.0
1437894000.0
1470812400.0
1451977200.0
1409468400.0
1462172400.0
1440572400.0
1433228400.0
1458716400.0
1456729200.0
1462950000.0
1460012400.0
1404284400.0
1433746800.0
1432537200.0
1437462000.0
1467874800.0
1427958000.0
1437462000.0
1446706800.0
1430895600.0
1446706800.0
1458716400.0
1463727600.0
1434524400.0
1437634800.0
1440658800.0
1461394800.0
1428908400.0
1443337200.0
1427785200.0
1467874800.0
1423206000.0
1428303600.0
1463727600.0
1467183600.0
1457161200.0
1456902000.0
1448089200.0
1442127600.0
1458975600.0
1456815600.0
1410505200.0
1465110000.0
1455174000.0
1461826800.0
1440572400.0
1406098800.0
1446102000.0
1431068400.0
1399532400.0
1428303600.0
1411369200.0
1451631600.0
1466492400.0
1437721200.0
1436598000.0
1428303600.0
1427353200.0
1470294000.0
1471330800.0
1441695600.0
1458543600.0
1472540400.0
1396076400.0
1457074800.0
1446102000.0
1460358000.0
1460703600.0
1436598000.0
1448866800.0
1461826800.0
1397458800.0
1440572400.0
1428908400.0
1441004400.0
1408777200.0
1446793200.0
1437807600.0
1440745200.0
1443337200.0
1472194800.0
1448089200.0
1465714800.0
1440658800.0
1433314800.0
1433314800.0
1470898800.0
1457506800.0
1467702000.0
1418454000.0
1458802800.0
1449730800.0
1461308400.0
1469602800.0
1458716400.0
1452927600.0
1432969200.0
1456815600.0
1410764400.0
1456383600.0
1468047600.0
1456383600.0
1469170800.0
1458630000.0
1453359600.0
1458630000.0
1450422000.0
1428390000.0
1450249200.0
1429945200.0
1461394800.0
1437202800.0
1437980400.0
1425020400.0
1403852400.0
1452582000.0
1465628400.0
1449558000.0
1448607600.0
1465714800.0
1433833200.0
1456038000.0
1437116400.0
1399618800.0
1449212400.0
1460962800.0
1448953200.0
1448348400.0
1463727600.0
1464850800.0
1468047600.0
1471503600.0
1458802800.0
1467702000.0
1472540400.0
1420182000.0
1472108400.0
1472626800.0
1437548400.0
1461049200.0
1448866800.0
1465801200.0
1427439600.0
1448089200.0
1451631600.0
1436770800.0
1409727600.0
1453705200.0
1456902000.0
1420009200.0
1447311600.0
1428130800.0
1454828400.0
1393052400.0
1427958000.0
1435734000.0
1428908400.0
1428303600.0
1456815600.0
1452236400.0
1437202800.0
1452322800.0
1449817200.0
1449212400.0
1465628400.0
1453705200.0
1442386800.0
1450249200.0
1454655600.0
1432018800.0
1440745200.0
1449730800.0
1432018800.0
1449730800.0
1441263600.0
1433833200.0
1456038000.0
1470034800.0
1459580400.0
1465887600.0
1470466800.0
1401001200.0
1395298800.0
1427439600.0
1450162800.0
1467961200.0
1441177200.0
1433833200.0
1431241200.0
1445929200.0
1437721200.0
1433833200.0
1430290800.0
1459321200.0
1431846000.0
1452063600.0
1453705200.0
1465974000.0
1463641200.0
1450249200.0
1460962800.0
1447398000.0
1460530800.0
1451545200.0
1410505200.0
1450594800.0
1465801200.0
1467270000.0
1431673200.0
1468047600.0
1406098800.0
1472022000.0
1421132400.0
1437807600.0
1450854000.0
1454742000.0
1423292400.0
1464246000.0
1463122800.0
1398150000.0
1456297200.0
1437548400.0
1427353200.0
1450508400.0
1459666800.0
1429945200.0
1451631600.0
1433833200.0
1472108400.0
1438066800.0
1457420400.0
1464159600.0
1456642800.0
1433314800.0
1432191600.0
1441177200.0
1463122800.0
1394780400.0
1469084400.0
1445842800.0
1395298800.0
1443423600.0
1461394800.0
1437807600.0
1458716400.0
1461308400.0
1440572400.0
1427353200.0
1468479600.0
1472540400.0
1458716400.0
1433314800.0
1392966000.0
1468479600.0
1472454000.0
1467961200.0
1449212400.0
1437980400.0
1409727600.0
1467529200.0
1441522800.0
1396076400.0
1410591600.0
1442127600.0
1468220400.0
1464159600.0
1457334000.0
1454223600.0
1458716400.0
1451804400.0
1430895600.0
1470726000.0
1454655600.0
1460876400.0
1427439600.0
1393311600.0
1409641200.0
1472281200.0
1431327600.0
1471158000.0
1433314800.0
1461826800.0
1472108400.0
1457074800.0
1429254000.0
1447398000.0
1458284400.0
1464764400.0
1470294000.0
1469430000.0
1449817200.0
1429858800.0
1430031600.0
1455174000.0
1464850800.0
1443855600.0
1452322800.0
1456902000.0
1454742000.0
1446879600.0
1453705200.0
1465196400.0
1396681200.0
1460703600.0
1440572400.0
1429340400.0
1428994800.0
1468479600.0
1431327600.0
1457161200.0
1465542000.0
1456988400.0
1471762800.0
1446447600.0
1429254000.0
1447484400.0
1467788400.0
1446966000.0
1431241200.0
1399618800.0
1451631600.0
1427353200.0
1456038000.0
1459148400.0
1429945200.0
1425106800.0
1423292400.0
1459926000.0
1420095600.0
1406358000.0
1428735600.0
1462172400.0
1420182000.0
1471158000.0
1441004400.0
1442386800.0
1443510000.0
1441263600.0
1392620400.0
1442041200.0
1445583600.0
1452754800.0
1461999600.0
1453705200.0
1447052400.0
1433746800.0
1466665200.0
1459234800.0
1427353200.0
1446793200.0
1446966000.0
1461740400.0
1434610800.0
1460876400.0
1446966000.0
1395298800.0
1432018800.0
1460876400.0
1429254000.0
1427526000.0
1423378800.0
1442646000.0
1457852400.0
1461481200.0
1467874800.0
1458802800.0
1454569200.0
1456470000.0
1453446000.0
1437980400.0
1446966000.0
1437462000.0
1464159600.0
1429254000.0
1447311600.0
1420182000.0
1472108400.0
1446015600.0
1446793200.0
1427871600.0
1431759600.0
1406444400.0
1461826800.0
1440658800.0
1459062000.0
1464937200.0
1453705200.0
1420009200.0
1449817200.0
1437807600.0
1460530800.0
1447311600.0
1456815600.0
1430895600.0
1458370800.0
1437721200.0
1453791600.0
1431846000.0
1458630000.0
1457247600.0
1427439600.0
1457247600.0
1434438000.0
1465887600.0
1457420400.0
1401001200.0
1446620400.0
1470726000.0
1472281200.0
1452495600.0
1428303600.0
1428390000.0
1432018800.0
1438412400.0
1432278000.0
1448866800.0
1432537200.0
1446102000.0
1432623600.0
1446879600.0
1457420400.0
1446879600.0
1447311600.0
1449644400.0
1457593200.0
1459234800.0
1465801200.0
1470466800.0
1472713200.0
1468998000.0
1437289200.0
1442127600.0
1429945200.0
1447052400.0
1431586800.0
1472540400.0
1431068400.0
1417503600.0
1471849200.0
1427958000.0
1465974000.0
1429340400.0
1446793200.0
1458716400.0
1390028400.0
1425106800.0
1424934000.0
1436857200.0
1472108400.0
1465801200.0
1446966000.0
1438239600.0
1437807600.0
1467356400.0
1447398000.0
1455001200.0
1465542000.0
1437462000.0
1452495600.0
1465801200.0
1441004400.0
1460530800.0
1432278000.0
1427180400.0
1468479600.0
1433833200.0
1432537200.0
1459148400.0
1464246000.0
1431068400.0
1433833200.0
1465369200.0
1459407600.0
1472022000.0
1447052400.0
1472626800.0
1446706800.0
1443596400.0
1434092400.0
1468393200.0
1472022000.0
1399532400.0
1431759600.0
1454828400.0
1433833200.0
1425193200.0
1393311600.0
1428130800.0
1433660400.0
1427958000.0
1428476400.0
1446706800.0
1429340400.0
1447138800.0
1460617200.0
1399618800.0
1444028400.0
1396249200.0
1458802800.0
1395212400.0
1433314800.0
1449903600.0
1472022000.0
1465887600.0
1433314800.0
1436511600.0
1423378800.0
1458716400.0
1450162800.0
1447311600.0
1393225200.0
1451458800.0
1457334000.0
1435993200.0
1460876400.0
1454396400.0
1433833200.0
1457334000.0
1421046000.0
1470812400.0
1457852400.0
1466751600.0
1436511600.0
1447398000.0
1459321200.0
1448866800.0
1441522800.0
1432710000.0
1472626800.0
1432450800.0
1447138800.0
1434524400.0
1459148400.0
1472626800.0
1442041200.0
1465196400.0
1472626800.0
1468998000.0
1449817200.0
1433314800.0
1444201200.0
1406098800.0
1450422000.0
1453273200.0
1447398000.0
1468134000.0
1455951600.0
1472540400.0
1467788400.0
1465887600.0
1472108400.0
1441609200.0
1435042800.0
1446879600.0
1465801200.0
1470294000.0
1448521200.0
1441090800.0
1420182000.0
1406098800.0
1399878000.0
1466578800.0
1424934000.0
1410591600.0
1441090800.0
1447398000.0
1448866800.0
1429254000.0
1429340400.0
1445929200.0
1465196400.0
1467702000.0
1456902000.0
1452236400.0
1423378800.0
1441090800.0
1445842800.0
1456038000.0
1458716400.0
1394089200.0
1448866800.0
1449212400.0
1448089200.0
1429599600.0
1453273200.0
1463382000.0
1442732400.0
1452150000.0
1468479600.0
1472540400.0
1455865200.0
1463036400.0
1406876400.0
1420095600.0
1447398000.0
1430031600.0
1457852400.0
1464937200.0
1467183600.0
1441263600.0
1455087600.0
1453100400.0
1444806000.0
1455001200.0
1434438000.0
1393138800.0
1456383600.0
1440745200.0
1454742000.0
1409122800.0
1420182000.0
1454396400.0
1392706800.0
1430895600.0
1458630000.0
1458630000.0
1466406000.0
1467010800.0
1428390000.0
1429340400.0
1441090800.0
1427958000.0
1447138800.0
1428303600.0
1464937200.0
1423206000.0
1449817200.0
1441263600.0
1446966000.0
1459321200.0
1453705200.0
1431846000.0
1458025200.0
1442214000.0
1452322800.0
1456815600.0
1439535600.0
1432450800.0
1467183600.0
1457074800.0
1392706800.0
1471676400.0
1455087600.0
1442646000.0
1420182000.0
1423378800.0
1420095600.0
1396076400.0
1456815600.0
1472022000.0
1427785200.0
1427612400.0
1458025200.0
1427439600.0
1467961200.0
1437116400.0
1465974000.0
1452322800.0
1449212400.0
1435734000.0
1427698800.0
1437807600.0
1441522800.0
1448521200.0
1458370800.0
1457334000.0
1449817200.0
1397977200.0
1458889200.0
1440658800.0
1427353200.0
1462604400.0
1437980400.0
1467702000.0
1406098800.0
1464159600.0
1458716400.0
1458802800.0
1454396400.0
1437894000.0
1446706800.0
1433833200.0
1433833200.0
1448521200.0
1430895600.0
1434351600.0
1442386800.0
1458802800.0
1440140400.0
1432796400.0
1428044400.0
1440658800.0
1446879600.0
1453100400.0
1467183600.0
1452495600.0
1448089200.0
1453186800.0
1447138800.0
1436338800.0
1457334000.0
1432450800.0
1445756400.0
1445583600.0
1429340400.0
1466665200.0
1459580400.0
1467788400.0
1447398000.0
1468998000.0
1433833200.0
1452236400.0
1427439600.0
1472540400.0
1446706800.0
1401001200.0
1465974000.0
1447311600.0
1427353200.0
1450767600.0
1447657200.0
1451545200.0
1429686000.0
1472022000.0
1447052400.0
1467183600.0
1445929200.0
1459407600.0
1434610800.0
1462518000.0
1467874800.0
1453705200.0
1440486000.0
1465887600.0
1437634800.0
1453705200.0
1470294000.0
1468306800.0
1434438000.0
1458630000.0
1406530800.0
1472108400.0
1453532400.0
1446706800.0
1453532400.0
1447138800.0
1446706800.0
1396422000.0
1472108400.0
1452841200.0
1433314800.0
1459407600.0
1392447600.0
1432623600.0
1454569200.0
1458370800.0
1472108400.0
1465801200.0
1459234800.0
1437289200.0
1431068400.0
1434178800.0
1446966000.0
1460962800.0
1433746800.0
1459062000.0
1428908400.0
1467788400.0
1437462000.0
1465542000.0
1428735600.0
1468479600.0
1463727600.0
1459148400.0
1432537200.0
1456902000.0
1395298800.0
1444546800.0
1465369200.0
1450767600.0
1465455600.0
1392447600.0
1460876400.0
1468479600.0
1466060400.0
1459321200.0
1472022000.0
1452236400.0
1458543600.0
1456902000.0
1461481200.0
1453705200.0
1453705200.0
1455865200.0
1437980400.0
1437202800.0
1458370800.0
1459926000.0
1458370800.0
1459580400.0
1443682800.0
1441004400.0
1448348400.0
1438412400.0
1433919600.0
1457161200.0
1437462000.0
1446706800.0
1437202800.0
1465455600.0
1468134000.0
1449817200.0
1433746800.0
1463209200.0
1441177200.0
1429081200.0
1393916400.0
1406098800.0
1433833200.0
1433314800.0
1458370800.0
1466233200.0
1457161200.0
1467183600.0
1411369200.0
1420182000.0
1432450800.0
1434524400.0
1450249200.0
1445670000.0
1443682800.0
1452236400.0
1404975600.0
1399532400.0
1446102000.0
1465887600.0
1460530800.0
1433660400.0
1457852400.0
1395212400.0
1444201200.0
1440658800.0
1446966000.0
1440572400.0
1472108400.0
1447311600.0
1436598000.0
1438326000.0
1437894000.0
1433746800.0
1464246000.0
1434438000.0
1406703600.0
1467183600.0
1472022000.0
1427353200.0
1458457200.0
1427353200.0
1456902000.0
1441263600.0
1465542000.0
1472540400.0
1472454000.0
1441263600.0
1467874800.0
1466838000.0
1464159600.0
1433833200.0
1458716400.0
1430982000.0
1468047600.0
1431327600.0
1458198000.0
1451372400.0
1455001200.0
1438066800.0
1431414000.0
1431414000.0
1472540400.0
1447138800.0
1447052400.0
1456815600.0
1448607600.0
1431759600.0
1429254000.0
1445842800.0
1464246000.0
1431068400.0
1443337200.0
1440745200.0
1443337200.0
1455865200.0
1438153200.0
1472540400.0
1433833200.0
1437894000.0
1423119600.0
1433660400.0
1433833200.0
1436598000.0
1433833200.0
1445842800.0
1468998000.0
1459148400.0
1467183600.0
1469084400.0
1437807600.0
1468047600.0
1456729200.0
1470985200.0
1455692400.0
1440658800.0
1417503600.0
1432710000.0
1453791600.0
1416812400.0
1442386800.0
1441263600.0
1441177200.0
1458802800.0
1420009200.0
1431414000.0
1404198000.0
1467961200.0
1429772400.0
1446793200.0
1446706800.0
1458630000.0
1444719600.0
1433314800.0
1465714800.0
1467961200.0
1464073200.0
1465801200.0
1467615600.0
1432710000.0
1456815600.0
1423119600.0
1466406000.0
1443510000.0
1400137200.0
1409468400.0
1409641200.0
1459839600.0
1431241200.0
1458543600.0
1441263600.0
1456383600.0
1457247600.0
1395298800.0
1468047600.0
1450594800.0
1428303600.0
1396076400.0
1443596400.0
1433660400.0
1437980400.0
1471590000.0
1446879600.0
1461740400.0
1420009200.0
1426316400.0
1445929200.0
1447657200.0
1456038000.0
1428303600.0
1440486000.0
1470726000.0
1441263600.0
1433833200.0
1437980400.0
1471071600.0
1429858800.0
1427353200.0
1472108400.0
1467874800.0
1467183600.0
1399618800.0
1467270000.0
1446879600.0
1423292400.0
1445929200.0
1437807600.0
1427526000.0
1427353200.0
1441177200.0
1433833200.0
1437807600.0
1436770800.0
1423378800.0
1468479600.0
1449558000.0
1445842800.0
1450508400.0
1420182000.0
1433314800.0
1467702000.0
1429945200.0
1468047600.0
1469084400.0
1433833200.0
1472022000.0
1435042800.0
1458543600.0
1466492400.0
1456038000.0
1396076400.0
1433228400.0
1456815600.0
1437807600.0
1450854000.0
1437116400.0
1409727600.0
1465196400.0
1423378800.0
1456038000.0
1464159600.0
1434438000.0
1437807600.0
1449817200.0
1470294000.0
1433314800.0
1449817200.0
1467874800.0
1432969200.0
1427353200.0
1466406000.0
1433833200.0
1449817200.0
1429945200.0
1442386800.0
1432537200.0
1449817200.0
1437462000.0
1464850800.0
1463295600.0
1402297200.0
1440572400.0
1449730800.0
1430982000.0
1467961200.0
1453705200.0
1453705200.0
1409641200.0
1433833200.0
1433833200.0
1455951600.0
1459148400.0
1464159600.0
1453705200.0
1400914800.0
1460962800.0
1462172400.0
1396076400.0
1437462000.0
1456470000.0
1455174000.0
1460617200.0
1468393200.0
1427353200.0
1460962800.0
1461826800.0
1434178800.0
1453705200.0
1464764400.0
1470466800.0
1454396400.0
1442386800.0
1461826800.0
1399618800.0
1428476400.0
1433833200.0
1440658800.0
1460530800.0
1397718000.0
1427785200.0
1451977200.0
1453705200.0
1427353200.0
1420182000.0
1449817200.0
1438239600.0
1446015600.0
1441263600.0
1441177200.0
1450162800.0
1449817200.0
1442214000.0
1447138800.0
1441263600.0
1427439600.0
1434610800.0
1435647600.0
1447570800.0
1449817200.0
1434438000.0
1471330800.0
1468479600.0
1433314800.0
1471762800.0
1437202800.0
1433833200.0
1470294000.0
1453705200.0
1432018800.0
1472108400.0
1446706800.0
1465455600.0
1423206000.0
1427180400.0
1452236400.0
1440572400.0
1433919600.0
1468998000.0
1444201200.0
1445929200.0
1449903600.0
1467788400.0
1454655600.0
1457852400.0
1436511600.0
1441177200.0
1453705200.0
1443337200.0
1428217200.0
1445583600.0
1465542000.0
1462604400.0
1471590000.0
1441004400.0
1464246000.0
1427439600.0
1455865200.0
1464159600.0
1435647600.0
1440658800.0
1441522800.0
1427353200.0
1423119600.0
1461740400.0
1437116400.0
1437202800.0
1437462000.0
1420182000.0
1445929200.0
1449212400.0
1465110000.0
1467702000.0
1459234800.0
1441263600.0
1466233200.0
1423378800.0
1428735600.0
1452495600.0
1420182000.0
1452495600.0
1446879600.0
1470812400.0
1452495600.0
1457334000.0
1436598000.0
1446274800.0
1455865200.0
1468479600.0
1434524400.0
1434610800.0
1441263600.0
1433746800.0
1409468400.0
1427439600.0
1435993200.0
1433919600.0
1467183600.0
1430031600.0
1465714800.0
1436511600.0
1432018800.0
1467702000.0
1452322800.0
1436857200.0
1465196400.0
1454396400.0
1438412400.0
1440658800.0
1467961200.0
1465455600.0
1409468400.0
1437462000.0
1446706800.0
1470812400.0
1450249200.0
1453359600.0
1427353200.0
1467183600.0
1444806000.0
1431759600.0
1462518000.0
1451458800.0
1453705200.0
1465628400.0
1432450800.0
1453532400.0
1418454000.0
1468047600.0
1467961200.0
1433833200.0
1427353200.0
1453705200.0
1432278000.0
1463122800.0
1467874800.0
1449817200.0
1456297200.0
1433833200.0
1449644400.0
1437980400.0
1446793200.0
1472022000.0
1457852400.0
1432450800.0
1447398000.0
1470985200.0
1441177200.0
1433833200.0
1423206000.0
1428390000.0
1457852400.0
1440572400.0
1423292400.0
1424156400.0
1440745200.0
1461049200.0
1468479600.0
1463382000.0
1434351600.0
1468047600.0
1427353200.0
1409641200.0
1461826800.0
1428130800.0
1454828400.0
1460703600.0
1425193200.0
1420182000.0
1450249200.0
1467183600.0
1441004400.0
1462172400.0
1433833200.0
1437894000.0
1440658800.0
1459148400.0
1433746800.0
1433660400.0
1436598000.0
1465369200.0
1440572400.0
1432710000.0
1438326000.0
1420095600.0
1441004400.0
1441522800.0
1427439600.0
1433746800.0
1467183600.0
1453446000.0
1427353200.0
1463209200.0
1444719600.0
1443855600.0
1420095600.0
1433055600.0
1455865200.0
1464246000.0
1460358000.0
1438066800.0
1472108400.0
1470294000.0
1467183600.0
1459062000.0
1440572400.0
1440572400.0
1449730800.0
1428130800.0
1445842800.0
1433746800.0
1399878000.0
1467529200.0
1465801200.0
1433833200.0
1450249200.0
1468306800.0
1452927600.0
1459666800.0
1454569200.0
1455433200.0
1428303600.0
1452841200.0
1397718000.0
1469084400.0
1452754800.0
1420182000.0
1440658800.0
1441522800.0
1441263600.0
1437980400.0
1437289200.0
1437980400.0
1437289200.0
1461999600.0
1458716400.0
1446015600.0
1428390000.0
1472022000.0
1440658800.0
1428303600.0
1435734000.0
1434438000.0
1440572400.0
1432450800.0
1433919600.0
1445756400.0
1437807600.0
1427439600.0
1409727600.0
1425106800.0
1433833200.0
1433746800.0
1435734000.0
1433833200.0
1423378800.0
1420182000.0
1427698800.0
1432018800.0
1461826800.0
1437634800.0
1452236400.0
1433660400.0
1437721200.0
1470898800.0
1467788400.0
1397458800.0
1432018800.0
1468134000.0
1441263600.0
1452841200.0
1467183600.0
1409122800.0
1428130800.0
1438239600.0
1433833200.0
1452495600.0
1468479600.0
1468047600.0
1460962800.0
1427439600.0
1434092400.0
1434524400.0
1472022000.0
1467183600.0
1443337200.0
1444546800.0
1457334000.0
1467874800.0
1437894000.0
1436598000.0
1441522800.0
1428908400.0
1460703600.0
1467874800.0
1467615600.0
1420009200.0
1467874800.0
1451545200.0
1450767600.0
1450767600.0
1452236400.0
1463641200.0
1452236400.0
1433833200.0
1431759600.0
1395212400.0
1453705200.0
1441177200.0
1437721200.0
1446879600.0
1472108400.0
1456470000.0
1441263600.0
1446706800.0
1468220400.0
1452582000.0
1433833200.0
1442386800.0
1441177200.0
1397458800.0
1427439600.0
1451631600.0
1451545200.0
1423206000.0
1423119600.0
1432537200.0
1437548400.0
1470726000.0
1444806000.0
1472108400.0
1454742000.0
1467702000.0
1467961200.0
1437548400.0
1420009200.0
1420095600.0
1468479600.0
1446793200.0
1397286000.0
1461394800.0
1452754800.0
1432796400.0
1434438000.0
1470466800.0
1463209200.0
1461654000.0
1467961200.0
1446447600.0
1445842800.0
1396076400.0
1451804400.0
1468047600.0
1433833200.0
1444028400.0
1428908400.0
1458802800.0
1437634800.0
1463036400.0
1458025200.0
1437462000.0
1460617200.0
1447052400.0
1457852400.0
1468998000.0
1465887600.0
1458025200.0
1468134000.0
1447052400.0
1460098800.0
1431241200.0
1395817200.0
1434870000.0
1392361200.0
1393311600.0
1432710000.0
1416812400.0
1393311600.0
1432537200.0
1452841200.0
1457766000.0
1429945200.0
1447311600.0
1432623600.0
1448434800.0
1443078000.0
1428822000.0
1458025200.0
1467615600.0
1462431600.0
1428562800.0
1432537200.0
1447916400.0
1447138800.0
1446188400.0
1457852400.0
1458025200.0
1428562800.0
1398409200.0
1429167600.0
1466060400.0
1459148400.0
1460617200.0
1446015600.0
1398582000.0
1404198000.0
1427353200.0
1457679600.0
1457766000.0
1432969200.0
1457852400.0
1393311600.0
1447311600.0
1458025200.0
1392966000.0
1393052400.0
1460617200.0
1460617200.0
1448002800.0
1452236400.0
1428994800.0
1449212400.0
1452236400.0
1457679600.0
